3 0.040865384615384616 0.016826923076923076 0.0733173076923077 0.03365384615384615
7 0.3161057692307692 0.038461538461538464 0.07572115384615384 0.07572115384615384
7 0.4206730769230769 0.04447115384615385 0.0673076923076923 0.08774038461538461
7 0.5865384615384616 0.16826923076923078 0.08052884615384616 0.1502403846153846
7 0.5456730769230769 0.22235576923076922 0.09375 0.17427884615384615
3 0.9423076923076923 0.30408653846153844 0.09615384615384616 0.17307692307692307
3 0.828125 0.1622596153846154 0.08413461538461539 0.15264423076923078
3 0.7860576923076923 0.4375 0.109375 0.1875
3 0.6826923076923077 0.10576923076923077 0.09134615384615384 0.16947115384615385
3 0.12379807692307693 0.6550480769230769 0.24759615384615385 0.44471153846153844
3 0.25721153846153844 0.1346153846153846 0.09615384615384616 0.16826923076923078
3 0.3449519230769231 0.13581730769230768 0.0985576923076923 0.20192307692307693
3 0.4879807692307692 0.39302884615384615 0.10817307692307693 0.21394230769230768