3 0.9519230769230769 0.020432692307692308 0.0733173076923077 0.040865384615384616
7 0.6754807692307693 0.042067307692307696 0.07572115384615384 0.0829326923076923
7 0.5697115384615384 0.04807692307692308 0.06850961538461539 0.09495192307692307
7 0.40384615384615385 0.17548076923076922 0.08052884615384616 0.1502403846153846
7 0.44471153846153844 0.23076923076923078 0.09375 0.17548076923076922
3 0.04807692307692308 0.3125 0.09615384615384616 0.17307692307692307
3 0.16105769230769232 0.17067307692307693 0.08533653846153846 0.15264423076923078
3 0.203125 0.44591346153846156 0.11057692307692307 0.18870192307692307
3 0.3076923076923077 0.11298076923076923 0.09134615384615384 0.17067307692307693
3 0.8713942307692307 0.6670673076923077 0.25721153846153844 0.44711538461538464
3 0.7355769230769231 0.14182692307692307 0.09735576923076923 0.16947115384615385
3 0.6466346153846154 0.14423076923076922 0.0985576923076923 0.20192307692307693
3 0.5024038461538461 0.4014423076923077 0.10817307692307693 0.21514423076923078