3 0.9483173076923077 0.021634615384615384 0.07211538461538461 0.042067307692307696
7 0.6766826923076923 0.042067307692307696 0.07451923076923077 0.08413461538461539
7 0.5745192307692307 0.04807692307692308 0.06610576923076923 0.09615384615384616
7 0.4110576923076923 0.17548076923076922 0.07932692307692307 0.14783653846153846
7 0.45072115384615385 0.2283653846153846 0.09254807692307693 0.171875
3 0.06009615384615385 0.3088942307692308 0.09495192307692307 0.16947115384615385
3 0.17307692307692307 0.16947115384615385 0.0829326923076923 0.1502403846153846
3 0.21394230769230768 0.43990384615384615 0.10817307692307693 0.18509615384615385
3 0.3161057692307692 0.11298076923076923 0.0889423076923077 0.16706730769230768
3 0.8701923076923077 0.65625 0.2536057692307692 0.4387019230769231
3 0.7355769230769231 0.14182692307692307 0.09495192307692307 0.1658653846153846
3 0.6490384615384616 0.14423076923076922 0.09735576923076923 0.19831730769230768
3 0.5072115384615384 0.39663461538461536 0.10576923076923077 0.21033653846153846