3 0.07572115384615384 0.4675480769230769 0.15144230769230768 0.31971153846153844
3 0.16826923076923078 0.5564903846153846 0.14543269230769232 0.27884615384615385
3 0.09735576923076923 0.21995192307692307 0.15985576923076922 0.23197115384615385
3 0.25961538461538464 0.1622596153846154 0.13581730769230768 0.23557692307692307
3 0.36899038461538464 0.5444711538461539 0.15985576923076922 0.27163461538461536
3 0.4567307692307692 0.45072115384615385 0.1346153846153846 0.2512019230769231
3 0.5192307692307693 0.171875 0.11298076923076923 0.21514423076923078
3 0.5997596153846154 0.16466346153846154 0.10096153846153846 0.16466346153846154
3 0.6430288461538461 0.5288461538461539 0.1466346153846154 0.24759615384615385
3 0.6838942307692307 0.15144230769230768 0.09495192307692307 0.17067307692307693
3 0.8064903846153846 0.14423076923076922 0.1201923076923077 0.2127403846153846
3 0.9399038461538461 0.14182692307692307 0.11899038461538461 0.22596153846153846
3 0.8557692307692307 0.45913461538461536 0.14182692307692307 0.2283653846153846