3 0.040865384615384616 0.47836538461538464 0.08173076923076923 0.34134615384615385
3 0.0985576923076923 0.5733173076923077 0.15504807692307693 0.296875
3 0.054086538461538464 0.21394230769230768 0.10817307692307693 0.24879807692307693
3 0.19471153846153846 0.15144230769230768 0.14423076923076922 0.2512019230769231
3 0.3125 0.5600961538461539 0.17067307692307693 0.29086538461538464
3 0.40625 0.46033653846153844 0.14302884615384615 0.26802884615384615
3 0.4723557692307692 0.1622596153846154 0.1201923076923077 0.23076923076923078
3 0.5576923076923077 0.15504807692307693 0.10817307692307693 0.17668269230769232
3 0.6045673076923077 0.5444711538461539 0.15625 0.2644230769230769
3 0.6478365384615384 0.140625 0.10096153846153846 0.18269230769230768
3 0.7788461538461539 0.13341346153846154 0.12860576923076922 0.22716346153846154
3 0.9278846153846154 0.1310096153846154 0.13822115384615385 0.24158653846153846
3 0.8317307692307693 0.4699519230769231 0.15144230769230768 0.2439903846153846