2 0.20432692307692307 0.6081730769230769 0.11778846153846154 0.1310096153846154
2 0.34134615384615385 0.5853365384615384 0.07932692307692307 0.09735576923076923
2 0.47596153846153844 0.5324519230769231 0.07692307692307693 0.11899038461538461
2 0.6634615384615384 0.5817307692307693 0.0733173076923077 0.07932692307692307
2 0.6899038461538461 0.6875 0.10096153846153846 0.14903846153846154
2 0.8401442307692307 0.8689903846153846 0.14543269230769232 0.21394230769230768
2 0.71875 0.5625 0.056490384615384616 0.07572115384615384
2 0.5528846153846154 0.5697115384615384 0.052884615384615384 0.08533653846153846
2 0.5180288461538461 0.5180288461538461 0.04447115384615385 0.0733173076923077
2 0.359375 0.3713942307692308 0.02283653846153846 0.04927884615384615
2 0.28125 0.4050480769230769 0.040865384615384616 0.06129807692307692
2 0.17307692307692307 0.4026442307692308 0.046875 0.04326923076923077