2 0.7800480769230769 0.6574519230769231 0.12740384615384615 0.14182692307692307
2 0.6310096153846154 0.6322115384615384 0.08533653846153846 0.10576923076923077
2 0.484375 0.5745192307692307 0.08413461538461539 0.12860576923076922
2 0.2800480769230769 0.6286057692307693 0.07932692307692307 0.08653846153846154
2 0.2512019230769231 0.7427884615384616 0.11057692307692307 0.1622596153846154
2 0.08774038461538461 0.9122596153846154 0.15865384615384615 0.17548076923076922
2 0.21995192307692307 0.6081730769230769 0.06129807692307692 0.0829326923076923
2 0.4014423076923077 0.6153846153846154 0.057692307692307696 0.09254807692307693
2 0.4387019230769231 0.5600961538461539 0.04807692307692308 0.07932692307692307
2 0.6117788461538461 0.40024038461538464 0.02403846153846154 0.052884615384615384
2 0.6959134615384616 0.4375 0.04447115384615385 0.06610576923076923
2 0.8137019230769231 0.4338942307692308 0.05048076923076923 0.046875