2 0.20072115384615385 0.6201923076923077 0.1201923076923077 0.1346153846153846
2 0.34134615384615385 0.5973557692307693 0.08052884615384616 0.09975961538461539
2 0.4795673076923077 0.5420673076923077 0.07932692307692307 0.12139423076923077
2 0.671875 0.59375 0.07451923076923077 0.08173076923076923
2 0.6995192307692307 0.7019230769230769 0.10336538461538461 0.15264423076923078
2 0.8521634615384616 0.8870192307692307 0.14903846153846154 0.21875
2 0.7283653846153846 0.5733173076923077 0.057692307692307696 0.078125
2 0.5576923076923077 0.5817307692307693 0.054086538461538464 0.08774038461538461
2 0.5228365384615384 0.5276442307692307 0.04567307692307692 0.07451923076923077
2 0.359375 0.3786057692307692 0.02283653846153846 0.05048076923076923
2 0.2800480769230769 0.41225961538461536 0.042067307692307696 0.0625
2 0.16947115384615385 0.4098557692307692 0.04807692307692308 0.04326923076923077