2 0.3269230769230769 0.7608173076923077 0.057692307692307696 0.08052884615384616
2 0.2644230769230769 0.8305288461538461 0.042067307692307696 0.06370192307692307
2 0.11658653846153846 0.8257211538461539 0.06009615384615385 0.054086538461538464
2 0.06971153846153846 0.3161057692307692 0.040865384615384616 0.0673076923076923
2 0.25841346153846156 0.3894230769230769 0.036057692307692304 0.0733173076923077
2 0.2980769230769231 0.3942307692307692 0.038461538461538464 0.07692307692307693
2 0.3762019230769231 0.3737980769230769 0.030048076923076924 0.0673076923076923
2 0.3485576923076923 0.33774038461538464 0.030048076923076924 0.054086538461538464
2 0.4338942307692308 0.7247596153846154 0.046875 0.051682692307692304
2 0.5901442307692307 0.5036057692307693 0.04927884615384615 0.07091346153846154
2 0.625 0.3701923076923077 0.030048076923076924 0.0673076923076923
2 0.7896634615384616 0.43149038461538464 0.055288461538461536 0.0733173076923077
2 0.9603365384615384 0.5288461538461539 0.036057692307692304 0.07692307692307693