2 0.6382211538461539 0.7572115384615384 0.05889423076923077 0.0829326923076923
2 0.703125 0.828125 0.04326923076923077 0.06610576923076923
2 0.8533653846153846 0.8233173076923077 0.06129807692307692 0.056490384615384616
2 0.9026442307692307 0.296875 0.042067307692307696 0.06971153846153846
2 0.7079326923076923 0.37259615384615385 0.037259615384615384 0.07572115384615384
2 0.6682692307692307 0.37740384615384615 0.039663461538461536 0.07932692307692307
2 0.5877403846153846 0.3557692307692308 0.030048076923076924 0.06971153846153846
2 0.6153846153846154 0.31971153846153844 0.030048076923076924 0.056490384615384616
2 0.5288461538461539 0.71875 0.04807692307692308 0.052884615384615384
2 0.36778846153846156 0.49038461538461536 0.05048076923076923 0.0733173076923077
2 0.3317307692307692 0.35216346153846156 0.030048076923076924 0.06971153846153846
2 0.16346153846153846 0.41586538461538464 0.056490384615384616 0.07572115384615384