2 0.6983173076923077 0.78125 0.057692307692307696 0.08173076923076923
2 0.7620192307692307 0.8509615384615384 0.04326923076923077 0.06490384615384616
2 0.9098557692307693 0.8461538461538461 0.06009615384615385 0.055288461538461536
2 0.9579326923076923 0.3293269230769231 0.040865384615384616 0.06850961538461539
2 0.7668269230769231 0.40384615384615385 0.036057692307692304 0.07451923076923077
2 0.7271634615384616 0.40865384615384615 0.038461538461538464 0.078125
2 0.6478365384615384 0.38822115384615385 0.030048076923076924 0.06850961538461539
2 0.6754807692307693 0.35216346153846156 0.030048076923076924 0.055288461538461536
2 0.5901442307692307 0.7439903846153846 0.046875 0.051682692307692304
2 0.4326923076923077 0.5192307692307693 0.04927884615384615 0.07091346153846154
2 0.39663461538461536 0.38461538461538464 0.030048076923076924 0.06850961538461539
2 0.23197115384615385 0.44591346153846156 0.055288461538461536 0.07451923076923077
2 0.05889423076923077 0.5456730769230769 0.036057692307692304 0.078125