7 0.1045673076923077 0.3088942307692308 0.10216346153846154 0.20793269230769232
3 0.8810096153846154 0.013221153846153846 0.06009615384615385 0.026442307692307692
3 0.9699519230769231 0.5048076923076923 0.06009615384615385 0.25961538461538464
3 0.9555288461538461 0.1201923076923077 0.0889423076923077 0.23798076923076922
3 0.8004807692307693 0.07211538461538461 0.09254807692307693 0.14423076923076922
3 0.6802884615384616 0.32091346153846156 0.1045673076923077 0.2247596153846154
3 0.6971153846153846 0.06971153846153846 0.09014423076923077 0.13942307692307693
3 0.5180288461538461 0.0673076923076923 0.09735576923076923 0.13341346153846154
3 0.2620192307692308 0.06370192307692307 0.0889423076923077 0.12740384615384615
3 0.5168269230769231 0.24639423076923078 0.09254807692307693 0.2091346153846154
3 0.546875 0.65625 0.1045673076923077 0.23798076923076922
3 0.6081730769230769 0.7692307692307693 0.12379807692307693 0.24639423076923078
3 0.3954326923076923 0.9038461538461539 0.11899038461538461 0.19110576923076922
3 0.04326923076923077 0.8449519230769231 0.08653846153846154 0.2668269230769231
3 0.15985576923076922 0.6394230769230769 0.08173076923076923 0.20432692307692307
3 0.11658653846153846 0.7271634615384616 0.10216346153846154 0.2283653846153846
3 0.055288461538461536 0.15384615384615385 0.09735576923076923 0.18870192307692307
3 0.2920673076923077 0.33653846153846156 0.1141826923076923 0.21634615384615385