7 0.9026442307692307 0.32572115384615385 0.09615384615384616 0.19591346153846154
3 0.17067307692307693 0.028846153846153848 0.057692307692307696 0.057692307692307696
3 0.06009615384615385 0.5108173076923077 0.10336538461538461 0.24519230769230768
3 0.09735576923076923 0.1466346153846154 0.0889423076923077 0.2247596153846154
3 0.24639423076923078 0.08413461538461539 0.0889423076923077 0.16826923076923078
3 0.3581730769230769 0.33653846153846156 0.0985576923076923 0.2127403846153846
3 0.34375 0.0829326923076923 0.08533653846153846 0.1658653846153846
3 0.5132211538461539 0.07932692307692307 0.09375 0.15865384615384615
3 0.7536057692307693 0.07692307692307693 0.08413461538461539 0.15384615384615385
3 0.5132211538461539 0.2668269230769231 0.08774038461538461 0.19831730769230768
3 0.484375 0.6538461538461539 0.0985576923076923 0.2247596153846154
3 0.4266826923076923 0.7596153846153846 0.11658653846153846 0.23197115384615385
3 0.6286057692307693 0.8978365384615384 0.11298076923076923 0.20432692307692307
3 0.9591346153846154 0.8329326923076923 0.08052884615384616 0.25
3 0.8509615384615384 0.6382211538461539 0.07692307692307693 0.1935096153846154
3 0.8918269230769231 0.7199519230769231 0.09735576923076923 0.21634615384615385
3 0.9495192307692307 0.17908653846153846 0.09254807692307693 0.17908653846153846
3 0.7259615384615384 0.35216346153846156 0.10697115384615384 0.20432692307692307