7 0.04807692307692308 0.27403846153846156 0.09615384615384616 0.21033653846153846
3 0.9447115384615384 0.4723557692307692 0.11057692307692307 0.2620192307692308
3 0.90625 0.10096153846153846 0.09615384615384616 0.20192307692307693
3 0.7487980769230769 0.052884615384615384 0.09375 0.10576923076923077
3 0.6274038461538461 0.2860576923076923 0.10576923076923077 0.22716346153846154
3 0.6430288461538461 0.051682692307692304 0.09134615384615384 0.10216346153846154
3 0.46274038461538464 0.04807692307692308 0.0985576923076923 0.09615384615384616
3 0.20432692307692307 0.04567307692307692 0.09014423076923077 0.09014423076923077
3 0.46153846153846156 0.21033653846153846 0.09375 0.21153846153846154
3 0.49158653846153844 0.625 0.10576923076923077 0.2403846153846154
3 0.5540865384615384 0.7391826923076923 0.125 0.24879807692307693
3 0.3389423076923077 0.8894230769230769 0.12139423076923077 0.21995192307692307
3 0.013221153846153846 0.8173076923076923 0.026442307692307692 0.26802884615384615
3 0.09975961538461539 0.6081730769230769 0.08173076923076923 0.20673076923076922
3 0.056490384615384616 0.6971153846153846 0.10336538461538461 0.23197115384615385
3 0.021634615384615384 0.11658653846153846 0.04326923076923077 0.18990384615384615
3 0.23317307692307693 0.3016826923076923 0.11538461538461539 0.21875