7 0.8004807692307693 0.28966346153846156 0.08173076923076923 0.20432692307692307
7 0.5216346153846154 0.3713942307692308 0.16105769230769232 0.3233173076923077
7 0.5036057692307693 0.046875 0.052884615384615384 0.09254807692307693
7 0.6670673076923077 0.04447115384615385 0.06009615384615385 0.0889423076923077
7 0.3605769230769231 0.1622596153846154 0.07091346153846154 0.15625
7 0.6057692307692307 0.13942307692307693 0.08533653846153846 0.18269230769230768
7 0.8701923076923077 0.12980769230769232 0.09975961538461539 0.19110576923076922
7 0.8725961538461539 0.7608173076923077 0.0985576923076923 0.19230769230769232
3 0.6778846153846154 0.44711538461538464 0.11899038461538461 0.29447115384615385
3 0.4519230769230769 0.07692307692307693 0.07211538461538461 0.15384615384615385
3 0.3137019230769231 0.20552884615384615 0.08533653846153846 0.18870192307692307
3 0.12259615384615384 0.18990384615384615 0.1502403846153846 0.30288461538461536
3 0.26802884615384615 0.6237980769230769 0.15985576923076922 0.3786057692307692