7 0.203125 0.29927884615384615 0.08774038461538461 0.21875
7 0.5012019230769231 0.3870192307692308 0.171875 0.34615384615384615
7 0.5192307692307693 0.04447115384615385 0.056490384615384616 0.0889423076923077
7 0.3473557692307692 0.04326923076923077 0.06370192307692307 0.08533653846153846
7 0.6730769230769231 0.1622596153846154 0.07572115384615384 0.16706730769230768
7 0.4110576923076923 0.13942307692307693 0.09134615384615384 0.19591346153846154
7 0.12740384615384615 0.12860576923076922 0.10576923076923077 0.20432692307692307
7 0.12620192307692307 0.8040865384615384 0.10576923076923077 0.20673076923076922
3 0.33413461538461536 0.4675480769230769 0.12740384615384615 0.31490384615384615
3 0.5757211538461539 0.07692307692307693 0.07692307692307693 0.15384615384615385
3 0.7235576923076923 0.2091346153846154 0.09134615384615384 0.20192307692307693
3 0.9230769230769231 0.19230769230769232 0.15384615384615385 0.3245192307692308
3 0.7716346153846154 0.65625 0.17067307692307693 0.4050480769230769