7 0.12860576923076922 0.33413461538461536 0.08774038461538461 0.21995192307692307
7 0.42788461538461536 0.4230769230769231 0.17307692307692307 0.3473557692307692
7 0.44711538461538464 0.0625 0.056490384615384616 0.12139423076923077
7 0.27403846153846156 0.06129807692307692 0.06370192307692307 0.11899038461538461
7 0.6021634615384616 0.1971153846153846 0.07572115384615384 0.16826923076923078
7 0.33774038461538464 0.17427884615384615 0.09134615384615384 0.1971153846153846
7 0.052884615384615384 0.16346153846153846 0.10576923076923077 0.20673076923076922
7 0.051682692307692304 0.8425480769230769 0.10336538461538461 0.20793269230769232
3 0.2608173076923077 0.5048076923076923 0.12860576923076922 0.3173076923076923
3 0.5036057692307693 0.1045673076923077 0.078125 0.16947115384615385
3 0.6526442307692307 0.24519230769230768 0.09254807692307693 0.203125
3 0.8569711538461539 0.22716346153846154 0.16105769230769232 0.32572115384615385
3 0.7007211538461539 0.6947115384615384 0.171875 0.4074519230769231