7 0.20072115384615385 0.296875 0.08173076923076923 0.20432692307692307
7 0.4795673076923077 0.3786057692307692 0.16105769230769232 0.3233173076923077
7 0.4963942307692308 0.05048076923076923 0.052884615384615384 0.09975961538461539
7 0.33413461538461536 0.04807692307692308 0.057692307692307696 0.09615384615384616
7 0.640625 0.16947115384615385 0.07091346153846154 0.15625
7 0.3954326923076923 0.1466346153846154 0.08533653846153846 0.18269230769230768
7 0.12980769230769232 0.13701923076923078 0.09975961538461539 0.19110576923076922
7 0.12860576923076922 0.7680288461538461 0.0985576923076923 0.19230769230769232
3 0.3233173076923077 0.4543269230769231 0.11899038461538461 0.29447115384615385
3 0.5492788461538461 0.0829326923076923 0.07211538461538461 0.15745192307692307
3 0.6875 0.2127403846153846 0.08533653846153846 0.18870192307692307
3 0.8774038461538461 0.1971153846153846 0.1502403846153846 0.30288461538461536
3 0.7319711538461539 0.6310096153846154 0.15985576923076922 0.3786057692307692