7 0.8425480769230769 0.296875 0.08653846153846154 0.21634615384615385
7 0.5480769230769231 0.38341346153846156 0.16947115384615385 0.34134615384615385
7 0.5300480769230769 0.04447115384615385 0.056490384615384616 0.0889423076923077
7 0.6995192307692307 0.04326923076923077 0.0625 0.08653846153846154
7 0.37740384615384615 0.1622596153846154 0.07451923076923077 0.16466346153846154
7 0.6370192307692307 0.13942307692307693 0.09014423076923077 0.1935096153846154
7 0.9170673076923077 0.12860576923076922 0.1045673076923077 0.20192307692307693
7 0.9194711538461539 0.7956730769230769 0.1045673076923077 0.20432692307692307
3 0.7127403846153846 0.4639423076923077 0.12620192307692307 0.3112980769230769
3 0.47475961538461536 0.07692307692307693 0.07572115384615384 0.15384615384615385
3 0.328125 0.20793269230769232 0.09014423076923077 0.19951923076923078
3 0.12740384615384615 0.19230769230769232 0.15865384615384615 0.31971153846153844
3 0.28125 0.6502403846153846 0.16826923076923078 0.40024038461538464