7 0.7956730769230769 0.2620192307692308 0.08533653846153846 0.21394230769230768
7 0.5048076923076923 0.3473557692307692 0.16826923076923078 0.33774038461538464
7 0.48677884615384615 0.028846153846153848 0.055288461538461536 0.056490384615384616
7 0.65625 0.026442307692307692 0.0625 0.052884615384615384
7 0.33653846153846156 0.12860576923076922 0.0733173076923077 0.1622596153846154
7 0.5925480769230769 0.10576923076923077 0.0889423076923077 0.19110576923076922
7 0.8713942307692307 0.09735576923076923 0.10336538461538461 0.19471153846153846
7 0.8725961538461539 0.7548076923076923 0.10336538461538461 0.20192307692307693
3 0.6682692307692307 0.4266826923076923 0.125 0.3076923076923077
3 0.4326923076923077 0.06009615384615385 0.07692307692307693 0.1201923076923077
3 0.28725961538461536 0.17427884615384615 0.09014423076923077 0.1971153846153846
3 0.0889423076923077 0.15865384615384615 0.15745192307692307 0.3161057692307692
3 0.2403846153846154 0.6117788461538461 0.16706730769230768 0.3954326923076923