3 0.7235576923076923 0.19110576923076922 0.030048076923076924 0.051682692307692304
7 0.08774038461538461 0.578125 0.037259615384615384 0.06490384615384616
7 0.14302884615384615 0.6454326923076923 0.036057692307692304 0.06490384615384616
3 0.10697115384615384 0.47596153846153844 0.05048076923076923 0.06610576923076923
3 0.046875 0.4639423076923077 0.037259615384615384 0.06009615384615385
3 0.06490384615384616 0.15504807692307693 0.03365384615384615 0.04807692307692308
3 0.0625 0.18509615384615385 0.028846153846153848 0.05048076923076923
3 0.1502403846153846 0.375 0.03365384615384615 0.05889423076923077
3 0.11057692307692307 0.36538461538461536 0.037259615384615384 0.06009615384615385
3 0.23076923076923078 0.22596153846153846 0.030048076923076924 0.04567307692307692
3 0.20673076923076922 0.27283653846153844 0.030048076923076924 0.052884615384615384
7 0.11899038461538461 0.28125 0.03365384615384615 0.056490384615384616
7 0.1971153846153846 0.23918269230769232 0.028846153846153848 0.051682692307692304
7 0.2512019230769231 0.28125 0.03125 0.052884615384615384
7 0.29086538461538464 0.25961538461538464 0.03245192307692308 0.051682692307692304
7 0.33653846153846156 0.2283653846153846 0.028846153846153848 0.06009615384615385
3 0.24639423076923078 0.39783653846153844 0.037259615384615384 0.06009615384615385
3 0.33413461538461536 0.3605769230769231 0.038461538461538464 0.06610576923076923
3 0.36177884615384615 0.2848557692307692 0.036057692307692304 0.05889423076923077
3 0.3137019230769231 0.19110576923076922 0.03125 0.052884615384615384
3 0.25 0.1310096153846154 0.026442307692307692 0.042067307692307696
3 0.2860576923076923 0.10576923076923077 0.027644230769230768 0.04567307692307692
3 0.30649038461538464 0.07211538461538461 0.025240384615384616 0.04447115384615385
3 0.35336538461538464 0.009615384615384616 0.025240384615384616 0.018028846153846152
3 0.3449519230769231 0.036057692307692304 0.025240384615384616 0.042067307692307696
3 0.3858173076923077 0.046875 0.026442307692307692 0.04567307692307692
7 0.40024038461538464 0.09735576923076923 0.026442307692307692 0.04326923076923077
3 0.39302884615384615 0.19110576923076922 0.03125 0.05048076923076923
3 0.42908653846153844 0.08774038461538461 0.028846153846153848 0.04567307692307692
3 0.41586538461538464 0.03365384615384615 0.026442307692307692 0.042067307692307696
3 0.4543269230769231 0.007211538461538462 0.02283653846153846 0.014423076923076924
3 0.47475961538461536 0.04807692307692308 0.02403846153846154 0.037259615384615384
3 0.5108173076923077 0.055288461538461536 0.02403846153846154 0.028846153846153848
3 0.5012019230769231 0.12259615384615384 0.030048076923076924 0.04326923076923077
3 0.4182692307692308 0.359375 0.042067307692307696 0.07091346153846154
3 0.5612980769230769 0.34134615384615385 0.03365384615384615 0.06009615384615385
3 0.5685096153846154 0.28725961538461536 0.03125 0.05889423076923077
3 0.5096153846153846 0.22355769230769232 0.03245192307692308 0.055288461538461536
3 0.45913461538461536 0.3173076923076923 0.042067307692307696 0.0625
3 0.484375 0.359375 0.037259615384615384 0.06490384615384616
3 0.5408653846153846 0.3713942307692308 0.039663461538461536 0.06971153846153846
3 0.6802884615384616 0.3786057692307692 0.037259615384615384 0.0625
3 0.6141826923076923 0.38221153846153844 0.04326923076923077 0.078125
3 0.6442307692307693 0.2860576923076923 0.03245192307692308 0.06009615384615385
7 0.65625 0.14903846153846154 0.028846153846153848 0.05048076923076923
7 0.6875 0.11899038461538461 0.025240384615384616 0.046875
3 0.5480769230769231 0.014423076923076924 0.025240384615384616 0.027644230769230768
3 0.5444711538461539 0.08533653846153846 0.027644230769230768 0.04567307692307692
3 0.578125 0.039663461538461536 0.027644230769230768 0.04567307692307692
3 0.6466346153846154 0.0673076923076923 0.028846153846153848 0.046875
3 0.6346153846153846 0.17427884615384615 0.028846153846153848 0.04927884615384615
3 0.640625 0.003605769230769231 0.026442307692307692 0.007211538461538462
3 0.6814903846153846 0.04927884615384615 0.02403846153846154 0.038461538461538464
3 0.7103365384615384 0.0625 0.028846153846153848 0.04447115384615385
3 0.7223557692307693 0.07211538461538461 0.026442307692307692 0.04326923076923077
3 0.7872596153846154 0.003605769230769231 0.025240384615384616 0.007211538461538462
3 0.7463942307692307 0.0889423076923077 0.027644230769230768 0.04326923076923077
3 0.8918269230769231 0.020432692307692308 0.02403846153846154 0.040865384615384616
3 0.8413461538461539 0.051682692307692304 0.026442307692307692 0.04807692307692308
3 0.8173076923076923 0.078125 0.026442307692307692 0.03485576923076923
7 0.7548076923076923 0.12620192307692307 0.025240384615384616 0.037259615384615384
7 0.8653846153846154 0.0733173076923077 0.02403846153846154 0.036057692307692304
7 0.9891826923076923 0.013221153846153846 0.021634615384615384 0.026442307692307692
3 0.9579326923076923 0.028846153846153848 0.028846153846153848 0.042067307692307696
3 0.921875 0.04927884615384615 0.030048076923076924 0.04807692307692308
3 0.8966346153846154 0.15144230769230768 0.028846153846153848 0.046875
3 0.8485576923076923 0.15144230769230768 0.028846153846153848 0.04807692307692308
3 0.7944711538461539 0.22596153846153846 0.03245192307692308 0.056490384615384616
3 0.8786057692307693 0.21033653846153846 0.030048076923076924 0.05048076923076923
3 0.9555288461538461 0.16706730769230768 0.028846153846153848 0.054086538461538464
3 0.9831730769230769 0.1658653846153846 0.03245192307692308 0.051682692307692304
3 0.9338942307692307 0.2644230769230769 0.02403846153846154 0.039663461538461536
3 0.9014423076923077 0.3137019230769231 0.037259615384615384 0.056490384615384616
3 0.8737980769230769 0.27403846153846156 0.03245192307692308 0.052884615384615384
3 0.8353365384615384 0.29927884615384615 0.039663461538461536 0.06009615384615385
3 0.9507211538461539 0.31490384615384615 0.037259615384615384 0.06129807692307692
3 0.9411057692307693 0.4326923076923077 0.038461538461538464 0.06971153846153846
3 0.921875 0.4699519230769231 0.04447115384615385 0.0733173076923077
3 0.7548076923076923 0.39903846153846156 0.042067307692307696 0.06370192307692307
3 0.7079326923076923 0.41947115384615385 0.040865384615384616 0.07451923076923077
3 0.734375 0.4579326923076923 0.042067307692307696 0.07692307692307693
3 0.35697115384615385 0.4567307692307692 0.04927884615384615 0.07572115384615384
3 0.42427884615384615 0.42788461538461536 0.04326923076923077 0.06971153846153846
3 0.4963942307692308 0.4519230769230769 0.04927884615384615 0.07932692307692307
3 0.453125 0.5456730769230769 0.04567307692307692 0.07692307692307693
3 0.9086538461538461 0.3701923076923077 0.037259615384615384 0.06129807692307692
3 0.6057692307692307 0.5192307692307693 0.051682692307692304 0.08413461538461539
3 0.4723557692307692 0.5925480769230769 0.054086538461538464 0.0829326923076923
3 0.052884615384615384 0.7067307692307693 0.06610576923076923 0.08774038461538461
3 0.9314903846153846 0.9699519230769231 0.06490384615384616 0.06009615384615385
3 0.7391826923076923 0.5384615384615384 0.04807692307692308 0.07572115384615384
3 0.7091346153846154 0.5540865384615384 0.051682692307692304 0.08413461538461539
3 0.9711538461538461 0.5384615384615384 0.04447115384615385 0.07932692307692307
3 0.9711538461538461 0.6165865384615384 0.057692307692307696 0.09975961538461539
3 0.9711538461538461 0.8028846153846154 0.04927884615384615 0.09375
3 0.9326923076923077 0.8185096153846154 0.06009615384615385 0.10697115384615384
3 0.7680288461538461 0.9338942307692307 0.06610576923076923 0.11298076923076923
3 0.6610576923076923 0.8461538461538461 0.05889423076923077 0.09975961538461539
3 0.6105769230769231 0.7680288461538461 0.056490384615384616 0.09495192307692307
3 0.5516826923076923 0.8930288461538461 0.06129807692307692 0.09495192307692307
3 0.45552884615384615 0.8125 0.039663461538461536 0.07451923076923077
3 0.40625 0.9543269230769231 0.0673076923076923 0.09134615384615384
3 0.234375 0.9639423076923077 0.06009615384615385 0.07091346153846154
3 0.3701923076923077 0.6334134615384616 0.05048076923076923 0.07091346153846154
3 0.27403846153846156 0.5709134615384616 0.04447115384615385 0.07211538461538461
3 0.24879807692307693 0.6153846153846154 0.052884615384615384 0.08173076923076923
3 0.375 0.7139423076923077 0.040865384615384616 0.0733173076923077
3 0.4014423076923077 0.7199519230769231 0.04567307692307692 0.08653846153846154
3 0.3173076923076923 0.7944711538461539 0.05889423076923077 0.09014423076923077