3 0.25841346153846156 0.1971153846153846 0.03125 0.054086538461538464
7 0.921875 0.6009615384615384 0.039663461538461536 0.06850961538461539
7 0.8641826923076923 0.671875 0.037259615384615384 0.0673076923076923
3 0.9014423076923077 0.49399038461538464 0.052884615384615384 0.06850961538461539
3 0.9639423076923077 0.48197115384615385 0.038461538461538464 0.0625
3 0.9447115384615384 0.15985576923076922 0.03485576923076923 0.04927884615384615
3 0.9483173076923077 0.19110576923076922 0.030048076923076924 0.051682692307692304
3 0.8557692307692307 0.3894230769230769 0.036057692307692304 0.06129807692307692
3 0.8978365384615384 0.3786057692307692 0.038461538461538464 0.0625
3 0.7716346153846154 0.23317307692307693 0.03125 0.04807692307692308
3 0.796875 0.28125 0.03125 0.055288461538461536
7 0.8882211538461539 0.29086538461538464 0.036057692307692304 0.05889423076923077
7 0.8076923076923077 0.24759615384615385 0.030048076923076924 0.054086538461538464
7 0.7512019230769231 0.29086538461538464 0.03245192307692308 0.055288461538461536
7 0.7091346153846154 0.2692307692307692 0.03485576923076923 0.054086538461538464
7 0.6622596153846154 0.23557692307692307 0.030048076923076924 0.0625
3 0.7560096153846154 0.41225961538461536 0.038461538461538464 0.06370192307692307
3 0.6646634615384616 0.3737980769230769 0.040865384615384616 0.06850961538461539
3 0.6358173076923077 0.29447115384615385 0.037259615384615384 0.06129807692307692
3 0.6862980769230769 0.1971153846153846 0.03245192307692308 0.055288461538461536
3 0.7524038461538461 0.1346153846153846 0.027644230769230768 0.04326923076923077
3 0.7151442307692307 0.10817307692307693 0.028846153846153848 0.046875
3 0.6935096153846154 0.0733173076923077 0.026442307692307692 0.046875
3 0.6442307692307693 0.008413461538461538 0.026442307692307692 0.016826923076923076
3 0.6526442307692307 0.03485576923076923 0.026442307692307692 0.04326923076923077
3 0.6105769230769231 0.046875 0.027644230769230768 0.046875
7 0.5961538461538461 0.0985576923076923 0.027644230769230768 0.04567307692307692
3 0.6033653846153846 0.1971153846153846 0.03245192307692308 0.051682692307692304
3 0.5649038461538461 0.0889423076923077 0.028846153846153848 0.04807692307692308
3 0.5793269230769231 0.03365384615384615 0.027644230769230768 0.04447115384615385
3 0.5396634615384616 0.006009615384615385 0.02403846153846154 0.01201923076923077
3 0.5180288461538461 0.04807692307692308 0.025240384615384616 0.039663461538461536
3 0.4807692307692308 0.055288461538461536 0.025240384615384616 0.030048076923076924
3 0.49038461538461536 0.125 0.03125 0.04567307692307692
3 0.5769230769230769 0.37259615384615385 0.04326923076923077 0.07451923076923077
3 0.42788461538461536 0.35336538461538464 0.03485576923076923 0.06370192307692307
3 0.4206730769230769 0.2980769230769231 0.03245192307692308 0.06129807692307692
3 0.48197115384615385 0.23076923076923078 0.03365384615384615 0.057692307692307696
3 0.5348557692307693 0.328125 0.04447115384615385 0.06610576923076923
3 0.5072115384615384 0.37259615384615385 0.038461538461538464 0.0673076923076923
3 0.4495192307692308 0.38461538461538464 0.042067307692307696 0.0733173076923077
3 0.30408653846153844 0.39302884615384615 0.038461538461538464 0.06490384615384616
3 0.37259615384615385 0.39663461538461536 0.04447115384615385 0.08173076923076923
3 0.34134615384615385 0.2956730769230769 0.03365384615384615 0.06370192307692307
7 0.3293269230769231 0.15384615384615385 0.028846153846153848 0.051682692307692304
7 0.296875 0.12259615384615384 0.026442307692307692 0.04927884615384615
3 0.4411057692307692 0.013221153846153846 0.026442307692307692 0.026442307692307692
3 0.44471153846153844 0.08653846153846154 0.028846153846153848 0.04807692307692308
3 0.4098557692307692 0.038461538461538464 0.028846153846153848 0.046875
3 0.3389423076923077 0.0673076923076923 0.030048076923076924 0.04927884615384615
3 0.35216346153846156 0.17908653846153846 0.030048076923076924 0.051682692307692304
3 0.30288461538461536 0.04927884615384615 0.025240384615384616 0.039663461538461536
3 0.27283653846153844 0.0625 0.028846153846153848 0.046875
3 0.25961538461538464 0.0733173076923077 0.027644230769230768 0.04567307692307692
3 0.234375 0.09014423076923077 0.028846153846153848 0.04567307692307692
3 0.08173076923076923 0.020432692307692308 0.025240384615384616 0.040865384615384616
3 0.13581730769230768 0.051682692307692304 0.027644230769230768 0.04927884615384615
3 0.16105769230769232 0.07932692307692307 0.027644230769230768 0.036057692307692304
7 0.22716346153846154 0.12980769230769232 0.026442307692307692 0.039663461538461536
7 0.11057692307692307 0.07451923076923077 0.02403846153846154 0.037259615384615384
3 0.014423076923076924 0.027644230769230768 0.028846153846153848 0.04447115384615385
3 0.051682692307692304 0.04927884615384615 0.03125 0.05048076923076923
3 0.078125 0.15625 0.030048076923076924 0.04927884615384615
3 0.12860576923076922 0.15504807692307693 0.030048076923076924 0.05048076923076923
3 0.18509615384615385 0.23317307692307693 0.03365384615384615 0.05889423076923077
3 0.09735576923076923 0.21634615384615385 0.03125 0.051682692307692304
3 0.018028846153846152 0.171875 0.030048076923076924 0.056490384615384616
3 0.039663461538461536 0.27283653846153844 0.025240384615384616 0.040865384615384616
3 0.0733173076923077 0.3245192307692308 0.038461538461538464 0.05889423076923077
3 0.10216346153846154 0.28365384615384615 0.03365384615384615 0.055288461538461536
3 0.14302884615384615 0.3088942307692308 0.042067307692307696 0.0625
3 0.021634615384615384 0.32572115384615385 0.039663461538461536 0.06370192307692307
3 0.03245192307692308 0.4483173076923077 0.039663461538461536 0.07211538461538461
3 0.051682692307692304 0.4879807692307692 0.046875 0.07572115384615384
3 0.22596153846153846 0.41346153846153844 0.04447115384615385 0.06610576923076923
3 0.27524038461538464 0.43509615384615385 0.04326923076923077 0.078125
3 0.24639423076923078 0.47596153846153844 0.04447115384615385 0.08052884615384616
3 0.640625 0.47475961538461536 0.051682692307692304 0.078125
3 0.5697115384615384 0.44471153846153844 0.04447115384615385 0.0733173076923077
3 0.4963942307692308 0.46875 0.051682692307692304 0.0829326923076923
3 0.5408653846153846 0.5673076923076923 0.046875 0.08052884615384616
3 0.06490384615384616 0.38341346153846156 0.038461538461538464 0.06370192307692307
3 0.38221153846153844 0.5396634615384616 0.054086538461538464 0.08774038461538461
3 0.5204326923076923 0.6165865384615384 0.056490384615384616 0.08653846153846154
3 0.9579326923076923 0.734375 0.06971153846153846 0.09254807692307693
3 0.24278846153846154 0.5600961538461539 0.05048076923076923 0.07932692307692307
3 0.27403846153846156 0.5757211538461539 0.054086538461538464 0.08774038461538461
3 0.01201923076923077 0.5600961538461539 0.02283653846153846 0.0829326923076923
3 0.015625 0.640625 0.03125 0.1045673076923077
3 0.013221153846153846 0.8353365384615384 0.025240384615384616 0.09735576923076923
3 0.040865384615384616 0.8509615384615384 0.0625 0.11177884615384616
3 0.2127403846153846 0.9567307692307693 0.06850961538461539 0.08653846153846154
3 0.3233173076923077 0.8810096153846154 0.06129807692307692 0.1045673076923077
3 0.37740384615384615 0.7980769230769231 0.05889423076923077 0.0985576923076923
3 0.4387019230769231 0.9290865384615384 0.06490384615384616 0.09975961538461539
3 0.5372596153846154 0.8461538461538461 0.040865384615384616 0.078125
3 0.5901442307692307 0.9723557692307693 0.07091346153846154 0.054086538461538464
3 0.7692307692307693 0.9831730769230769 0.0625 0.03365384615384615
3 0.6274038461538461 0.6574519230769231 0.052884615384615384 0.0733173076923077
3 0.7283653846153846 0.5925480769230769 0.046875 0.07572115384615384
3 0.7536057692307693 0.6394230769230769 0.055288461538461536 0.08533653846153846
3 0.6225961538461539 0.7427884615384616 0.04326923076923077 0.07692307692307693
3 0.59375 0.7487980769230769 0.04807692307692308 0.09014423076923077
3 0.6814903846153846 0.8257211538461539 0.06129807692307692 0.09495192307692307