3 0.2704326923076923 0.20673076923076922 0.030048076923076924 0.052884615384615384
7 0.9182692307692307 0.6009615384615384 0.038461538461538464 0.06610576923076923
7 0.8617788461538461 0.6694711538461539 0.036057692307692304 0.06610576923076923
3 0.8990384615384616 0.4963942307692308 0.051682692307692304 0.0673076923076923
3 0.9603365384615384 0.484375 0.037259615384615384 0.06129807692307692
3 0.9411057692307693 0.16947115384615385 0.03365384615384615 0.04807692307692308
3 0.9447115384615384 0.20072115384615385 0.030048076923076924 0.05048076923076923
3 0.8545673076923077 0.3942307692307692 0.03485576923076923 0.06009615384615385
3 0.8954326923076923 0.38341346153846156 0.037259615384615384 0.06129807692307692
3 0.7728365384615384 0.24158653846153846 0.030048076923076924 0.046875
3 0.796875 0.28966346153846156 0.03125 0.054086538461538464
7 0.8858173076923077 0.2980769230769231 0.03485576923076923 0.057692307692307696
7 0.8064903846153846 0.25600961538461536 0.030048076923076924 0.052884615384615384
7 0.7524038461538461 0.2980769230769231 0.03245192307692308 0.054086538461538464
7 0.7115384615384616 0.2764423076923077 0.03365384615384615 0.052884615384615384
7 0.6658653846153846 0.2439903846153846 0.030048076923076924 0.06129807692307692
3 0.7560096153846154 0.4170673076923077 0.037259615384615384 0.06129807692307692
3 0.6670673076923077 0.3786057692307692 0.039663461538461536 0.0673076923076923
3 0.6382211538461539 0.3016826923076923 0.036057692307692304 0.06009615384615385
3 0.6887019230769231 0.20673076923076922 0.03245192307692308 0.054086538461538464
3 0.7536057692307693 0.14543269230769232 0.026442307692307692 0.042067307692307696
3 0.7163461538461539 0.11899038461538461 0.027644230769230768 0.04567307692307692
3 0.6959134615384616 0.08533653846153846 0.026442307692307692 0.04567307692307692
3 0.6478365384615384 0.015625 0.026442307692307692 0.030048076923076924
3 0.65625 0.04807692307692308 0.025240384615384616 0.042067307692307696
3 0.6141826923076923 0.06009615384615385 0.027644230769230768 0.04567307692307692
7 0.6009615384615384 0.11057692307692307 0.027644230769230768 0.04447115384615385
3 0.6069711538461539 0.20673076923076922 0.03125 0.05048076923076923
3 0.5697115384615384 0.10096153846153846 0.028846153846153848 0.046875
3 0.5841346153846154 0.046875 0.026442307692307692 0.04326923076923077
3 0.5456730769230769 0.013221153846153846 0.02283653846153846 0.025240384615384616
3 0.5240384615384616 0.06009615384615385 0.02403846153846154 0.038461538461538464
3 0.48677884615384615 0.06850961538461539 0.02403846153846154 0.030048076923076924
3 0.4963942307692308 0.13701923076923078 0.030048076923076924 0.04447115384615385
3 0.5817307692307693 0.3786057692307692 0.042067307692307696 0.0733173076923077
3 0.43509615384615385 0.359375 0.03365384615384615 0.06129807692307692
3 0.42908653846153844 0.30528846153846156 0.03245192307692308 0.06009615384615385
3 0.4891826923076923 0.23918269230769232 0.03245192307692308 0.056490384615384616
3 0.5408653846153846 0.33533653846153844 0.04326923076923077 0.06370192307692307
3 0.5144230769230769 0.37740384615384615 0.037259615384615384 0.06610576923076923
3 0.4567307692307692 0.390625 0.040865384615384616 0.07091346153846154
3 0.31490384615384615 0.39783653846153844 0.037259615384615384 0.06370192307692307
3 0.38221153846153844 0.4014423076923077 0.04447115384615385 0.07932692307692307
3 0.35216346153846156 0.30288461538461536 0.03365384615384615 0.06129807692307692
7 0.3401442307692308 0.16346153846153846 0.028846153846153848 0.05048076923076923
7 0.3076923076923077 0.13341346153846154 0.026442307692307692 0.04807692307692308
3 0.4495192307692308 0.020432692307692308 0.026442307692307692 0.039663461538461536
3 0.4519230769230769 0.0985576923076923 0.027644230769230768 0.046875
3 0.4182692307692308 0.051682692307692304 0.027644230769230768 0.04567307692307692
3 0.3485576923076923 0.08052884615384616 0.028846153846153848 0.04807692307692308
3 0.36177884615384615 0.18990384615384615 0.030048076923076924 0.05048076923076923
3 0.3557692307692308 0.009615384615384616 0.026442307692307692 0.019230769230769232
3 0.3137019230769231 0.06129807692307692 0.02403846153846154 0.039663461538461536
3 0.2848557692307692 0.07451923076923077 0.028846153846153848 0.04567307692307692
3 0.27163461538461536 0.08533653846153846 0.027644230769230768 0.04447115384615385
3 0.20552884615384615 0.009615384615384616 0.025240384615384616 0.019230769230769232
3 0.24759615384615385 0.10216346153846154 0.027644230769230768 0.04447115384615385
3 0.09735576923076923 0.03245192307692308 0.025240384615384616 0.04326923076923077
3 0.15144230769230768 0.06370192307692307 0.027644230769230768 0.04807692307692308
3 0.17548076923076922 0.09134615384615384 0.027644230769230768 0.03485576923076923
7 0.23918269230769232 0.140625 0.026442307692307692 0.038461538461538464
7 0.12620192307692307 0.08653846153846154 0.02403846153846154 0.037259615384615384
7 0.007211538461538462 0.019230769230769232 0.009615384615384616 0.038461538461538464
3 0.03245192307692308 0.040865384615384616 0.028846153846153848 0.04326923076923077
3 0.06850961538461539 0.0625 0.03125 0.04927884615384615
3 0.09495192307692307 0.1658653846153846 0.030048076923076924 0.04807692307692308
3 0.14423076923076922 0.1658653846153846 0.028846153846153848 0.04927884615384615
3 0.19951923076923078 0.24158653846153846 0.03365384615384615 0.057692307692307696
3 0.11298076923076923 0.22596153846153846 0.03125 0.05048076923076923
3 0.03485576923076923 0.1814903846153846 0.030048076923076924 0.055288461538461536
3 0.01201923076923077 0.1814903846153846 0.02283653846153846 0.052884615384615384
3 0.056490384615384616 0.2800480769230769 0.02403846153846154 0.039663461538461536
3 0.0889423076923077 0.3317307692307692 0.037259615384615384 0.057692307692307696
3 0.11778846153846154 0.29086538461538464 0.03245192307692308 0.054086538461538464
3 0.15745192307692307 0.3161057692307692 0.040865384615384616 0.06129807692307692
3 0.038461538461538464 0.3329326923076923 0.038461538461538464 0.0625
3 0.04927884615384615 0.4519230769230769 0.039663461538461536 0.07091346153846154
3 0.06850961538461539 0.49038461538461536 0.04567307692307692 0.07451923076923077
3 0.23918269230769232 0.4182692307692308 0.04326923076923077 0.06490384615384616
3 0.28725961538461536 0.4387019230769231 0.042067307692307696 0.07572115384615384
3 0.25961538461538464 0.47836538461538464 0.04326923076923077 0.078125
3 0.6442307692307693 0.47716346153846156 0.05048076923076923 0.07692307692307693
3 0.5757211538461539 0.4483173076923077 0.04447115384615385 0.07091346153846154
3 0.5024038461538461 0.4723557692307692 0.05048076923076923 0.08173076923076923
3 0.546875 0.5685096153846154 0.04567307692307692 0.078125
3 0.08173076923076923 0.3894230769230769 0.037259615384615384 0.0625
3 0.390625 0.5408653846153846 0.052884615384615384 0.08533653846153846
3 0.5264423076923077 0.6153846153846154 0.055288461538461536 0.08413461538461539
3 0.9543269230769231 0.7307692307692307 0.0673076923076923 0.09014423076923077
3 0.05889423076923077 0.9855769230769231 0.06610576923076923 0.028846153846153848
3 0.2548076923076923 0.5600961538461539 0.04927884615384615 0.07692307692307693
3 0.2860576923076923 0.5769230769230769 0.052884615384615384 0.08653846153846154
3 0.020432692307692308 0.5600961538461539 0.040865384615384616 0.08052884615384616
3 0.02403846153846154 0.640625 0.04807692307692308 0.10216346153846154
3 0.021634615384615384 0.8305288461538461 0.04326923076923077 0.09495192307692307
3 0.057692307692307696 0.8449519230769231 0.06129807692307692 0.10817307692307693
3 0.2247596153846154 0.953125 0.0673076923076923 0.09375
3 0.33413461538461536 0.8737980769230769 0.06009615384615385 0.10216346153846154
3 0.3858173076923077 0.7932692307692307 0.056490384615384616 0.09615384615384616
3 0.44591346153846156 0.921875 0.0625 0.09735576923076923
3 0.5432692307692307 0.8401442307692307 0.039663461538461536 0.07572115384615384
3 0.59375 0.96875 0.06850961538461539 0.0625
3 0.7692307692307693 0.9783653846153846 0.06129807692307692 0.042067307692307696
3 0.6310096153846154 0.65625 0.051682692307692304 0.07211538461538461
3 0.7295673076923077 0.5925480769230769 0.04567307692307692 0.0733173076923077
3 0.7536057692307693 0.6382211538461539 0.054086538461538464 0.0829326923076923
3 0.6262019230769231 0.7391826923076923 0.042067307692307696 0.07451923076923077
3 0.5985576923076923 0.7451923076923077 0.046875 0.08774038461538461
3 0.6838942307692307 0.8209134615384616 0.06009615384615385 0.09254807692307693