3 0.31971153846153844 0.17908653846153846 0.03125 0.052884615384615384
7 0.9795673076923077 0.5805288461538461 0.039663461538461536 0.0673076923076923
7 0.921875 0.6502403846153846 0.037259615384615384 0.0673076923076923
3 0.9591346153846154 0.4735576923076923 0.052884615384615384 0.06850961538461539
3 0.9927884615384616 0.14182692307692307 0.014423076923076924 0.04927884615384615
3 0.9951923076923077 0.17307692307692307 0.009615384615384616 0.051682692307692304
3 0.9146634615384616 0.3701923076923077 0.03485576923076923 0.06129807692307692
3 0.9555288461538461 0.359375 0.038461538461538464 0.0625
3 0.8305288461538461 0.21514423076923078 0.03125 0.04807692307692308
3 0.8557692307692307 0.26322115384615385 0.03125 0.055288461538461536
7 0.9459134615384616 0.27283653846153844 0.03485576923076923 0.05889423076923077
7 0.8665865384615384 0.2283653846153846 0.030048076923076924 0.052884615384615384
7 0.8100961538461539 0.27283653846153844 0.03245192307692308 0.055288461538461536
7 0.7680288461538461 0.25 0.03365384615384615 0.052884615384615384
7 0.7223557692307693 0.21754807692307693 0.030048076923076924 0.0625
3 0.8149038461538461 0.39302884615384615 0.038461538461538464 0.0625
3 0.7235576923076923 0.3545673076923077 0.040865384615384616 0.06850961538461539
3 0.6947115384615384 0.2764423076923077 0.037259615384615384 0.06129807692307692
3 0.7451923076923077 0.17908653846153846 0.03245192307692308 0.055288461538461536
3 0.8112980769230769 0.11658653846153846 0.027644230769230768 0.04326923076923077
3 0.7740384615384616 0.09014423076923077 0.028846153846153848 0.046875
3 0.7536057692307693 0.055288461538461536 0.026442307692307692 0.04567307692307692
3 0.7127403846153846 0.020432692307692308 0.026442307692307692 0.039663461538461536
3 0.6706730769230769 0.030048076923076924 0.027644230769230768 0.046875
7 0.65625 0.08173076923076923 0.027644230769230768 0.04567307692307692
3 0.6622596153846154 0.17908653846153846 0.03245192307692308 0.051682692307692304
3 0.625 0.07211538461538461 0.028846153846153848 0.04807692307692308
3 0.6394230769230769 0.019230769230769232 0.027644230769230768 0.038461538461538464
3 0.578125 0.03125 0.025240384615384616 0.038461538461538464
3 0.5408653846153846 0.038461538461538464 0.025240384615384616 0.030048076923076924
3 0.5504807692307693 0.10817307692307693 0.03125 0.04567307692307692
3 0.6370192307692307 0.35336538461538464 0.04326923076923077 0.07451923076923077
3 0.4879807692307692 0.33533653846153844 0.03485576923076923 0.0625
3 0.48197115384615385 0.27884615384615385 0.03245192307692308 0.06129807692307692
3 0.5420673076923077 0.2127403846153846 0.03365384615384615 0.057692307692307696
3 0.5949519230769231 0.31009615384615385 0.04326923076923077 0.06490384615384616
3 0.5673076923076923 0.35336538461538464 0.038461538461538464 0.0673076923076923
3 0.5096153846153846 0.36538461538461536 0.040865384615384616 0.07211538461538461
3 0.36538461538461536 0.3737980769230769 0.038461538461538464 0.06490384615384616
3 0.4338942307692308 0.37740384615384615 0.04447115384615385 0.08173076923076923
3 0.4026442307692308 0.2776442307692308 0.03365384615384615 0.0625
7 0.390625 0.13581730769230768 0.028846153846153848 0.051682692307692304
7 0.3581730769230769 0.1045673076923077 0.026442307692307692 0.04807692307692308
3 0.5048076923076923 0.06971153846153846 0.027644230769230768 0.04807692307692308
3 0.47115384615384615 0.02283653846153846 0.027644230769230768 0.04567307692307692
3 0.40024038461538464 0.05048076923076923 0.030048076923076924 0.04807692307692308
3 0.41346153846153844 0.16105769230769232 0.030048076923076924 0.05048076923076923
3 0.3641826923076923 0.03125 0.025240384615384616 0.039663461538461536
3 0.33413461538461536 0.04567307692307692 0.028846153846153848 0.04567307692307692
3 0.32211538461538464 0.056490384615384616 0.027644230769230768 0.04567307692307692
3 0.2956730769230769 0.0733173076923077 0.028846153846153848 0.04567307692307692
3 0.14423076923076922 0.01201923076923077 0.025240384615384616 0.02403846153846154
3 0.19831730769230768 0.03365384615384615 0.027644230769230768 0.04927884615384615
3 0.22355769230769232 0.06129807692307692 0.027644230769230768 0.036057692307692304
7 0.28846153846153844 0.11177884615384616 0.026442307692307692 0.038461538461538464
7 0.17307692307692307 0.056490384615384616 0.02403846153846154 0.037259615384615384
7 0.04326923076923077 0.004807692307692308 0.025240384615384616 0.008413461538461538
3 0.078125 0.016826923076923076 0.028846153846153848 0.03245192307692308
3 0.1141826923076923 0.03245192307692308 0.03125 0.05048076923076923
3 0.140625 0.13822115384615385 0.030048076923076924 0.04807692307692308
3 0.19110576923076922 0.13701923076923078 0.030048076923076924 0.05048076923076923
3 0.24759615384615385 0.21514423076923078 0.03365384615384615 0.057692307692307696
3 0.15985576923076922 0.19831730769230768 0.03125 0.051682692307692304
3 0.08052884615384616 0.15384615384615385 0.030048076923076924 0.056490384615384616
3 0.019230769230769232 0.06610576923076923 0.03365384615384615 0.05889423076923077
3 0.051682692307692304 0.15384615384615385 0.03365384615384615 0.052884615384615384
3 0.10216346153846154 0.2548076923076923 0.025240384615384616 0.040865384615384616
3 0.13581730769230768 0.30649038461538464 0.038461538461538464 0.057692307692307696
3 0.16466346153846154 0.2644230769230769 0.03365384615384615 0.055288461538461536
3 0.20432692307692307 0.29086538461538464 0.040865384615384616 0.0625
3 0.010817307692307692 0.49399038461538464 0.020432692307692308 0.0733173076923077
3 0.08413461538461539 0.3076923076923077 0.039663461538461536 0.06370192307692307
3 0.09495192307692307 0.42908653846153844 0.039663461538461536 0.07211538461538461
3 0.1141826923076923 0.4675480769230769 0.046875 0.07572115384615384
3 0.28846153846153844 0.3942307692307692 0.04326923076923077 0.06610576923076923
3 0.33653846153846156 0.41466346153846156 0.042067307692307696 0.07692307692307693
3 0.3088942307692308 0.4567307692307692 0.04326923076923077 0.07932692307692307
3 0.7007211538461539 0.4543269230769231 0.051682692307692304 0.078125
3 0.6298076923076923 0.42427884615384615 0.04447115384615385 0.07211538461538461
3 0.5564903846153846 0.4495192307692308 0.051682692307692304 0.0829326923076923
3 0.6009615384615384 0.546875 0.046875 0.07932692307692307
3 0.12740384615384615 0.3641826923076923 0.038461538461538464 0.06370192307692307
3 0.4423076923076923 0.5192307692307693 0.054086538461538464 0.08653846153846154
3 0.5805288461538461 0.5949519230769231 0.055288461538461536 0.08653846153846154
3 0.9903846153846154 0.7127403846153846 0.019230769230769232 0.09134615384615384
3 0.1045673076923077 0.9783653846153846 0.0673076923076923 0.04326923076923077
3 0.30408653846153844 0.5396634615384616 0.05048076923076923 0.07932692307692307
3 0.33533653846153844 0.5552884615384616 0.054086538461538464 0.08774038461538461
3 0.0625 0.5396634615384616 0.046875 0.08173076923076923
3 0.0625 0.6201923076923077 0.06370192307692307 0.10336538461538461
3 0.0625 0.8137019230769231 0.05048076923076923 0.09735576923076923
3 0.10336538461538461 0.8293269230769231 0.06129807692307692 0.11057692307692307
3 0.27524038461538464 0.9447115384615384 0.06971153846153846 0.11057692307692307
3 0.38461538461538464 0.8581730769230769 0.06129807692307692 0.10336538461538461
3 0.4375 0.7764423076923077 0.057692307692307696 0.09735576923076923
3 0.4987980769230769 0.90625 0.06370192307692307 0.0985576923076923
3 0.5973557692307693 0.8233173076923077 0.040865384615384616 0.07692307692307693
3 0.6490384615384616 0.9615384615384616 0.06971153846153846 0.07692307692307693
3 0.828125 0.9711538461538461 0.06129807692307692 0.056490384615384616
3 0.6875 0.6370192307692307 0.052884615384615384 0.0733173076923077
3 0.7872596153846154 0.5721153846153846 0.046875 0.07451923076923077
3 0.8112980769230769 0.6189903846153846 0.055288461538461536 0.08413461538461539
3 0.6814903846153846 0.7211538461538461 0.042067307692307696 0.07692307692307693
3 0.6538461538461539 0.7271634615384616 0.04807692307692308 0.0889423076923077
3 0.7403846153846154 0.8040865384615384 0.06129807692307692 0.09375