3 0.7079326923076923 0.19831730769230768 0.027644230769230768 0.04807692307692308
7 0.11057692307692307 0.5625 0.036057692307692304 0.06129807692307692
7 0.1622596153846154 0.625 0.03365384615384615 0.06009615384615385
3 0.016826923076923076 0.4699519230769231 0.03125 0.0625
3 0.12860576923076922 0.4651442307692308 0.04807692307692308 0.0625
3 0.07211538461538461 0.4543269230769231 0.03485576923076923 0.056490384615384616
3 0.09014423076923077 0.16466346153846154 0.03125 0.04447115384615385
3 0.08653846153846154 0.1935096153846154 0.027644230769230768 0.046875
3 0.16947115384615385 0.3713942307692308 0.03245192307692308 0.055288461538461536
3 0.13221153846153846 0.36177884615384615 0.03485576923076923 0.056490384615384616
3 0.24519230769230768 0.23076923076923078 0.027644230769230768 0.04326923076923077
3 0.22235576923076922 0.27524038461538464 0.028846153846153848 0.04927884615384615
7 0.140625 0.28365384615384615 0.03245192307692308 0.052884615384615384
7 0.2127403846153846 0.2439903846153846 0.027644230769230768 0.04807692307692308
7 0.26322115384615385 0.28365384615384615 0.030048076923076924 0.04927884615384615
7 0.3016826923076923 0.26322115384615385 0.03125 0.04807692307692308
7 0.34375 0.23317307692307693 0.027644230769230768 0.056490384615384616
3 0.25961538461538464 0.3918269230769231 0.03485576923076923 0.056490384615384616
3 0.34134615384615385 0.35697115384615385 0.036057692307692304 0.0625
3 0.36778846153846156 0.2860576923076923 0.03365384615384615 0.055288461538461536
3 0.3233173076923077 0.19951923076923078 0.030048076923076924 0.04927884615384615
3 0.26322115384615385 0.14302884615384615 0.02403846153846154 0.038461538461538464
3 0.296875 0.11899038461538461 0.026442307692307692 0.042067307692307696
3 0.31490384615384615 0.08774038461538461 0.02403846153846154 0.042067307692307696
3 0.3605769230769231 0.019230769230769232 0.02403846153846154 0.036057692307692304
3 0.35216346153846156 0.052884615384615384 0.02403846153846154 0.038461538461538464
3 0.390625 0.06370192307692307 0.025240384615384616 0.042067307692307696
7 0.40384615384615385 0.11057692307692307 0.025240384615384616 0.040865384615384616
3 0.39783653846153844 0.19951923076923078 0.028846153846153848 0.046875
3 0.43149038461538464 0.10216346153846154 0.026442307692307692 0.04326923076923077
3 0.4182692307692308 0.051682692307692304 0.02403846153846154 0.039663461538461536
3 0.4543269230769231 0.016826923076923076 0.021634615384615384 0.03125
3 0.4735576923076923 0.06490384615384616 0.02283653846153846 0.03485576923076923
3 0.5072115384615384 0.07091346153846154 0.02283653846153846 0.027644230769230768
3 0.4987980769230769 0.1346153846153846 0.027644230769230768 0.040865384615384616
3 0.4206730769230769 0.35697115384615385 0.038461538461538464 0.0673076923076923
3 0.5552884615384616 0.3401442307692308 0.03125 0.056490384615384616
3 0.5612980769230769 0.28966346153846156 0.030048076923076924 0.055288461538461536
3 0.5060096153846154 0.22956730769230768 0.030048076923076924 0.051682692307692304
3 0.45913461538461536 0.3173076923076923 0.039663461538461536 0.05889423076923077
3 0.4831730769230769 0.35697115384615385 0.03485576923076923 0.06009615384615385
3 0.5360576923076923 0.36778846153846156 0.037259615384615384 0.06610576923076923
3 0.6658653846153846 0.375 0.03485576923076923 0.05889423076923077
3 0.6045673076923077 0.3786057692307692 0.040865384615384616 0.0733173076923077
3 0.6322115384615384 0.28725961538461536 0.030048076923076924 0.056490384615384616
7 0.6442307692307693 0.15985576923076922 0.026442307692307692 0.046875
7 0.6730769230769231 0.1310096153846154 0.02403846153846154 0.04447115384615385
3 0.5432692307692307 0.02283653846153846 0.02403846153846154 0.04447115384615385
3 0.5396634615384616 0.09975961538461539 0.025240384615384616 0.04326923076923077
3 0.5709134615384616 0.056490384615384616 0.025240384615384616 0.042067307692307696
3 0.6346153846153846 0.0829326923076923 0.026442307692307692 0.04447115384615385
3 0.6237980769230769 0.18269230769230768 0.027644230769230768 0.04567307692307692
3 0.6298076923076923 0.013221153846153846 0.02403846153846154 0.025240384615384616
3 0.6682692307692307 0.06610576923076923 0.02283653846153846 0.036057692307692304
3 0.6947115384615384 0.078125 0.026442307692307692 0.042067307692307696
3 0.7055288461538461 0.08774038461538461 0.025240384615384616 0.040865384615384616
3 0.7668269230769231 0.013221153846153846 0.02403846153846154 0.026442307692307692
3 0.7295673076923077 0.10216346153846154 0.026442307692307692 0.040865384615384616
3 0.8665865384615384 0.038461538461538464 0.02283653846153846 0.040865384615384616
3 0.8173076923076923 0.0673076923076923 0.025240384615384616 0.04447115384615385
3 0.7944711538461539 0.09254807692307693 0.025240384615384616 0.03245192307692308
7 0.7355769230769231 0.13822115384615385 0.02403846153846154 0.03485576923076923
7 0.8401442307692307 0.08774038461538461 0.021634615384615384 0.03365384615384615
7 0.9579326923076923 0.025240384615384616 0.02283653846153846 0.039663461538461536
3 0.9266826923076923 0.046875 0.026442307692307692 0.039663461538461536
3 0.8942307692307693 0.06610576923076923 0.028846153846153848 0.04567307692307692
3 0.8689903846153846 0.1622596153846154 0.027644230769230768 0.04447115384615385
3 0.8245192307692307 0.16105769230769232 0.026442307692307692 0.04567307692307692
3 0.7728365384615384 0.23076923076923078 0.030048076923076924 0.052884615384615384
3 0.8521634615384616 0.21634615384615385 0.028846153846153848 0.046875
3 0.9242788461538461 0.17668269230769232 0.027644230769230768 0.051682692307692304
3 0.9795673076923077 0.09615384615384616 0.030048076923076924 0.052884615384615384
3 0.9507211538461539 0.17548076923076922 0.03125 0.04807692307692308
3 0.9038461538461539 0.2668269230769231 0.02283653846153846 0.037259615384615384
3 0.8737980769230769 0.3137019230769231 0.03485576923076923 0.052884615384615384
3 0.8485576923076923 0.2764423076923077 0.030048076923076924 0.04927884615384615
3 0.8112980769230769 0.29927884615384615 0.037259615384615384 0.056490384615384616
3 0.9891826923076923 0.4831730769230769 0.020432692307692308 0.06610576923076923
3 0.9206730769230769 0.31490384615384615 0.036057692307692304 0.057692307692307696
3 0.9110576923076923 0.4254807692307692 0.036057692307692304 0.06490384615384616
3 0.8930288461538461 0.46033653846153844 0.042067307692307696 0.06850961538461539
3 0.7367788461538461 0.3942307692307692 0.039663461538461536 0.06009615384615385
3 0.6923076923076923 0.41225961538461536 0.038461538461538464 0.06971153846153846
3 0.7175480769230769 0.4495192307692308 0.039663461538461536 0.07211538461538461
3 0.3629807692307692 0.4483173076923077 0.046875 0.07091346153846154
3 0.4266826923076923 0.4206730769230769 0.040865384615384616 0.06610576923076923
3 0.49399038461538464 0.44350961538461536 0.046875 0.07451923076923077
3 0.453125 0.53125 0.042067307692307696 0.07211538461538461
3 0.8810096153846154 0.36658653846153844 0.03485576923076923 0.057692307692307696
3 0.5961538461538461 0.5072115384615384 0.04807692307692308 0.078125
3 0.47115384615384615 0.5757211538461539 0.05048076923076923 0.078125
3 0.078125 0.6814903846153846 0.0625 0.0829326923076923
3 0.9014423076923077 0.9495192307692307 0.06129807692307692 0.09254807692307693
3 0.7211538461538461 0.5252403846153846 0.04567307692307692 0.07091346153846154
3 0.6935096153846154 0.5396634615384616 0.04927884615384615 0.07932692307692307
3 0.9399038461538461 0.5252403846153846 0.042067307692307696 0.07451923076923077
3 0.9411057692307693 0.5985576923076923 0.057692307692307696 0.09375
3 0.9399038461538461 0.7728365384615384 0.04567307692307692 0.08774038461538461
3 0.9026442307692307 0.7872596153846154 0.056490384615384616 0.09975961538461539
3 0.7487980769230769 0.8954326923076923 0.0625 0.10576923076923077
3 0.6490384615384616 0.8137019230769231 0.055288461538461536 0.09375
3 0.6009615384615384 0.7391826923076923 0.052884615384615384 0.0889423076923077
3 0.5456730769230769 0.8569711538461539 0.057692307692307696 0.0889423076923077
3 0.45552884615384615 0.7824519230769231 0.037259615384615384 0.06971153846153846
3 0.40865384615384615 0.9194711538461539 0.06370192307692307 0.09615384615384616
3 0.24759615384615385 0.9338942307692307 0.056490384615384616 0.08774038461538461
3 0.375 0.6129807692307693 0.04807692307692308 0.06610576923076923
3 0.2848557692307692 0.5552884615384616 0.042067307692307696 0.0673076923076923
3 0.2620192307692308 0.5961538461538461 0.04927884615384615 0.07692307692307693
3 0.3798076923076923 0.6899038461538461 0.038461538461538464 0.06971153846153846
3 0.4050480769230769 0.6947115384615384 0.04326923076923077 0.08052884615384616
3 0.3269230769230769 0.7644230769230769 0.055288461538461536 0.08533653846153846