3 0.28846153846153844 0.1814903846153846 0.028846153846153848 0.04927884615384615
7 0.9050480769230769 0.5564903846153846 0.036057692307692304 0.06370192307692307
7 0.8509615384615384 0.6225961538461539 0.03485576923076923 0.0625
3 0.9927884615384616 0.46153846153846156 0.014423076923076924 0.06370192307692307
3 0.8858173076923077 0.4567307692307692 0.04927884615384615 0.06370192307692307
3 0.9447115384615384 0.44591346153846156 0.036057692307692304 0.057692307692307696
3 0.9266826923076923 0.1466346153846154 0.03245192307692308 0.04567307692307692
3 0.9290865384615384 0.17548076923076922 0.028846153846153848 0.04807692307692308
3 0.84375 0.359375 0.03245192307692308 0.057692307692307696
3 0.8822115384615384 0.34975961538461536 0.036057692307692304 0.057692307692307696
3 0.7668269230769231 0.21514423076923078 0.028846153846153848 0.04447115384615385
3 0.7896634615384616 0.25961538461538464 0.028846153846153848 0.051682692307692304
7 0.8737980769230769 0.26802884615384615 0.03245192307692308 0.055288461538461536
7 0.7992788461538461 0.2283653846153846 0.028846153846153848 0.04927884615384615
7 0.7463942307692307 0.2692307692307692 0.030048076923076924 0.051682692307692304
7 0.7079326923076923 0.24759615384615385 0.03245192307692308 0.04927884615384615
7 0.6646634615384616 0.21754807692307693 0.028846153846153848 0.057692307692307696
3 0.7512019230769231 0.38100961538461536 0.036057692307692304 0.05889423076923077
3 0.6658653846153846 0.3449519230769231 0.037259615384615384 0.06370192307692307
3 0.6394230769230769 0.27163461538461536 0.03485576923076923 0.057692307692307696
3 0.6862980769230769 0.1814903846153846 0.030048076923076924 0.051682692307692304
3 0.7475961538461539 0.12379807692307693 0.025240384615384616 0.039663461538461536
3 0.7127403846153846 0.0985576923076923 0.026442307692307692 0.04447115384615385
3 0.6935096153846154 0.06610576923076923 0.025240384615384616 0.04326923076923077
3 0.6478365384615384 0.007211538461538462 0.025240384615384616 0.014423076923076924
3 0.6550480769230769 0.03125 0.02403846153846154 0.039663461538461536
3 0.6165865384615384 0.042067307692307696 0.025240384615384616 0.04447115384615385
7 0.6021634615384616 0.09014423076923077 0.025240384615384616 0.042067307692307696
3 0.609375 0.1814903846153846 0.030048076923076924 0.04807692307692308
3 0.5745192307692307 0.08052884615384616 0.027644230769230768 0.04447115384615385
3 0.5865384615384616 0.028846153846153848 0.025240384615384616 0.040865384615384616
3 0.5504807692307693 0.004807692307692308 0.021634615384615384 0.009615384615384616
3 0.5300480769230769 0.04326923076923077 0.02283653846153846 0.036057692307692304
3 0.4951923076923077 0.04927884615384615 0.02283653846153846 0.028846153846153848
3 0.5036057692307693 0.11538461538461539 0.028846153846153848 0.042067307692307696
3 0.5841346153846154 0.3449519230769231 0.039663461538461536 0.06971153846153846
3 0.44591346153846156 0.3269230769230769 0.03245192307692308 0.05889423076923077
3 0.43990384615384615 0.27524038461538464 0.030048076923076924 0.057692307692307696
3 0.4963942307692308 0.2127403846153846 0.03125 0.054086538461538464
3 0.5456730769230769 0.30408653846153844 0.040865384615384616 0.06129807692307692
3 0.5204326923076923 0.3449519230769231 0.036057692307692304 0.0625
3 0.46634615384615385 0.3557692307692308 0.038461538461538464 0.0673076923076923
3 0.3317307692307692 0.3629807692307692 0.036057692307692304 0.06009615384615385
3 0.3954326923076923 0.36658653846153844 0.042067307692307696 0.07572115384615384
3 0.36658653846153844 0.27403846153846156 0.03125 0.05889423076923077
7 0.3545673076923077 0.140625 0.027644230769230768 0.04807692307692308
7 0.3245192307692308 0.11177884615384616 0.025240384615384616 0.04567307692307692
3 0.45913461538461536 0.01201923076923077 0.025240384615384616 0.02283653846153846
3 0.46153846153846156 0.07932692307692307 0.026442307692307692 0.04447115384615385
3 0.43028846153846156 0.03485576923076923 0.026442307692307692 0.04447115384615385
3 0.3641826923076923 0.06129807692307692 0.027644230769230768 0.04567307692307692
3 0.3762019230769231 0.16466346153846154 0.028846153846153848 0.04807692307692308
3 0.33052884615384615 0.04447115384615385 0.02283653846153846 0.037259615384615384
3 0.30288461538461536 0.056490384615384616 0.027644230769230768 0.04326923076923077
3 0.29086538461538464 0.06610576923076923 0.025240384615384616 0.042067307692307696
3 0.2668269230769231 0.08173076923076923 0.026442307692307692 0.042067307692307696
3 0.125 0.018028846153846152 0.02403846153846154 0.036057692307692304
3 0.17548076923076922 0.04567307692307692 0.025240384615384616 0.04567307692307692
3 0.19831730769230768 0.07211538461538461 0.025240384615384616 0.03365384615384615
7 0.25961538461538464 0.11899038461538461 0.025240384615384616 0.036057692307692304
7 0.15144230769230768 0.0673076923076923 0.02283653846153846 0.03485576923076923
7 0.03125 0.010817307692307692 0.02403846153846154 0.021634615384615384
3 0.0625 0.02403846153846154 0.027644230769230768 0.040865384615384616
3 0.09615384615384616 0.04447115384615385 0.028846153846153848 0.046875
3 0.12259615384615384 0.14302884615384615 0.028846153846153848 0.04567307692307692
3 0.16826923076923078 0.14302884615384615 0.027644230769230768 0.046875
3 0.22115384615384615 0.21514423076923078 0.03125 0.054086538461538464
3 0.13942307692307693 0.19951923076923078 0.028846153846153848 0.04807692307692308
3 0.06490384615384616 0.15865384615384615 0.028846153846153848 0.052884615384615384
3 0.01201923076923077 0.07572115384615384 0.02283653846153846 0.055288461538461536
3 0.038461538461538464 0.15745192307692307 0.03245192307692308 0.04927884615384615
3 0.08533653846153846 0.25240384615384615 0.02283653846153846 0.038461538461538464
3 0.11658653846153846 0.3004807692307692 0.036057692307692304 0.054086538461538464
3 0.14423076923076922 0.2620192307692308 0.03125 0.051682692307692304
3 0.1814903846153846 0.2860576923076923 0.038461538461538464 0.057692307692307696
3 0.004807692307692308 0.47596153846153844 0.009615384615384616 0.06850961538461539
3 0.06850961538461539 0.3016826923076923 0.036057692307692304 0.06009615384615385
3 0.07932692307692307 0.41466346153846156 0.037259615384615384 0.0673076923076923
3 0.09735576923076923 0.45072115384615385 0.04326923076923077 0.07091346153846154
3 0.25961538461538464 0.38221153846153844 0.040865384615384616 0.06129807692307692
3 0.30528846153846156 0.4026442307692308 0.039663461538461536 0.07211538461538461
3 0.27884615384615385 0.43990384615384615 0.040865384615384616 0.07451923076923077
3 0.6442307692307693 0.4387019230769231 0.04807692307692308 0.0733173076923077
3 0.578125 0.4110576923076923 0.042067307692307696 0.0673076923076923
3 0.5096153846153846 0.4338942307692308 0.04807692307692308 0.07692307692307693
3 0.5516826923076923 0.5252403846153846 0.04326923076923077 0.07451923076923077
3 0.109375 0.3545673076923077 0.036057692307692304 0.06009615384615385
3 0.40384615384615385 0.5 0.05048076923076923 0.08052884615384616
3 0.5324519230769231 0.5709134615384616 0.051682692307692304 0.08052884615384616
3 0.9387019230769231 0.6802884615384616 0.06490384615384616 0.08533653846153846
3 0.08774038461538461 0.9543269230769231 0.0625 0.09134615384615384
3 0.27403846153846156 0.5180288461538461 0.046875 0.0733173076923077
3 0.30288461538461536 0.5336538461538461 0.05048076923076923 0.08173076923076923
3 0.04927884615384615 0.5180288461538461 0.04326923076923077 0.07692307692307693
3 0.04807692307692308 0.59375 0.05889423076923077 0.09615384615384616
3 0.04927884615384615 0.7740384615384616 0.046875 0.09134615384615384
3 0.08774038461538461 0.7884615384615384 0.057692307692307696 0.10336538461538461
3 0.24639423076923078 0.9014423076923077 0.06370192307692307 0.109375
3 0.34975961538461536 0.8161057692307693 0.056490384615384616 0.09615384615384616
3 0.39903846153846156 0.7403846153846154 0.054086538461538464 0.09134615384615384
3 0.4567307692307692 0.8617788461538461 0.06009615384615385 0.09254807692307693
3 0.5480769230769231 0.7836538461538461 0.038461538461538464 0.07211538461538461
3 0.5961538461538461 0.9254807692307693 0.06610576923076923 0.0985576923076923
3 0.7632211538461539 0.9411057692307693 0.057692307692307696 0.09014423076923077
3 0.6322115384615384 0.609375 0.04927884615384615 0.06850961538461539
3 0.7247596153846154 0.5492788461538461 0.04326923076923077 0.06971153846153846
3 0.7487980769230769 0.5925480769230769 0.051682692307692304 0.07932692307692307
3 0.6274038461538461 0.6887019230769231 0.039663461538461536 0.07091346153846154
3 0.6009615384615384 0.6935096153846154 0.04447115384615385 0.0829326923076923
3 0.6826923076923077 0.765625 0.056490384615384616 0.08774038461538461