3 0.4987980769230769 0.08173076923076923 0.10336538461538461 0.16346153846153846
7 0.6442307692307693 0.5913461538461539 0.12740384615384615 0.28846153846153844
3 0.14903846153846154 0.06850961538461539 0.08052884615384616 0.12379807692307693
3 0.9254807692307693 0.2704326923076923 0.10576923076923077 0.18990384615384615
7 0.7487980769230769 0.22956730769230768 0.09735576923076923 0.17067307692307693
7 0.9711538461538461 0.07091346153846154 0.051682692307692304 0.1310096153846154
7 0.8497596153846154 0.11177884615384616 0.0829326923076923 0.15625
7 0.7331730769230769 0.08052884615384616 0.09615384615384616 0.13581730769230768
7 0.5721153846153846 0.22115384615384615 0.09735576923076923 0.16466346153846154
7 0.6225961538461539 0.09014423076923077 0.09975961538461539 0.1622596153846154
7 0.08413461538461539 0.09254807692307693 0.0829326923076923 0.17548076923076922
7 0.23197115384615385 0.09254807692307693 0.08413461538461539 0.16466346153846154
7 0.3605769230769231 0.59375 0.15865384615384615 0.30408653846153844
7 0.21394230769230768 0.4206730769230769 0.1141826923076923 0.25
7 0.06610576923076923 0.42908653846153844 0.125 0.25721153846153844
3 0.7475961538461539 0.7307692307692307 0.12620192307692307 0.25240384615384615
3 0.8149038461538461 0.44711538461538464 0.11538461538461539 0.2536057692307692
3 0.484375 0.28725961538461536 0.11658653846153846 0.25600961538461536
3 0.6778846153846154 0.375 0.12740384615384615 0.25240384615384615
3 0.2127403846153846 0.7920673076923077 0.18269230769230768 0.38100961538461536