3 0.5084134615384616 0.05048076923076923 0.11538461538461539 0.10096153846153846
7 0.34615384615384615 0.5769230769230769 0.14182692307692307 0.32211538461538464
3 0.8978365384615384 0.03245192307692308 0.0889423076923077 0.06370192307692307
3 0.04567307692307692 0.21995192307692307 0.09134615384615384 0.21153846153846154
7 0.22956730769230768 0.17427884615384615 0.10817307692307693 0.18990384615384615
7 0.11658653846153846 0.06490384615384616 0.09134615384615384 0.12980769230769232
7 0.24639423076923078 0.042067307692307696 0.10697115384615384 0.0829326923076923
7 0.4266826923076923 0.1658653846153846 0.10817307692307693 0.18389423076923078
7 0.36899038461538464 0.054086538461538464 0.11057692307692307 0.10817307692307693
7 0.9615384615384616 0.06009615384615385 0.07692307692307693 0.1201923076923077
7 0.8052884615384616 0.057692307692307696 0.09375 0.1141826923076923
7 0.6622596153846154 0.5805288461538461 0.17668269230769232 0.3389423076923077
7 0.8257211538461539 0.3870192307692308 0.12620192307692307 0.27884615384615385
7 0.9603365384615384 0.39663461538461536 0.07932692307692307 0.28846153846153844
3 0.23076923076923078 0.7331730769230769 0.140625 0.28125
3 0.15625 0.4170673076923077 0.12740384615384615 0.2824519230769231
3 0.5240384615384616 0.23918269230769232 0.1310096153846154 0.2848557692307692
3 0.3088942307692308 0.33653846153846156 0.14182692307692307 0.28125
3 0.8257211538461539 0.7944711538461539 0.203125 0.4110576923076923