3 0.5168269230769231 0.08052884615384616 0.10817307692307693 0.15985576923076922
7 0.6682692307692307 0.6069711538461539 0.13341346153846154 0.3016826923076923
3 0.15144230769230768 0.0625 0.08413461538461539 0.125
3 0.953125 0.27163461538461536 0.09375 0.19831730769230768
7 0.7776442307692307 0.22956730769230768 0.10216346153846154 0.1778846153846154
7 0.9915865384615384 0.06490384615384616 0.016826923076923076 0.12980769230769232
7 0.8834134615384616 0.10576923076923077 0.08653846153846154 0.16346153846153846
7 0.7620192307692307 0.0733173076923077 0.10096153846153846 0.14182692307692307
7 0.59375 0.22115384615384615 0.10216346153846154 0.17307692307692307
7 0.6466346153846154 0.08413461538461539 0.1045673076923077 0.16706730769230768
7 0.08533653846153846 0.0889423076923077 0.08774038461538461 0.1778846153846154
7 0.23798076923076922 0.08653846153846154 0.0889423076923077 0.17307692307692307
7 0.37259615384615385 0.6105769230769231 0.1658653846153846 0.31850961538461536
7 0.21875 0.42908653846153844 0.11899038461538461 0.2620192307692308
7 0.06490384615384616 0.4375 0.12980769230769232 0.2692307692307692
3 0.7764423076923077 0.7536057692307693 0.13221153846153846 0.26322115384615385
3 0.8473557692307693 0.4567307692307692 0.1201923076923077 0.265625
3 0.5024038461538461 0.28966346153846156 0.12259615384615384 0.2668269230769231
3 0.703125 0.38100961538461536 0.13341346153846154 0.26322115384615385
3 0.21875 0.8088942307692307 0.18990384615384615 0.38221153846153844