3 0.5228365384615384 0.06971153846153846 0.1141826923076923 0.13822115384615385
7 0.6838942307692307 0.6117788461538461 0.140625 0.31971153846153844
3 0.13581730769230768 0.05048076923076923 0.0889423076923077 0.10096153846153846
3 0.9675480769230769 0.25721153846153844 0.06370192307692307 0.2091346153846154
7 0.7992788461538461 0.21153846153846154 0.10817307692307693 0.18870192307692307
7 0.9110576923076923 0.08413461538461539 0.09134615384615384 0.16706730769230768
7 0.78125 0.06009615384615385 0.10576923076923077 0.1201923076923077
7 0.6033653846153846 0.203125 0.10817307692307693 0.18269230769230768
7 0.6598557692307693 0.0733173076923077 0.11057692307692307 0.1466346153846154
7 0.06490384615384616 0.07932692307692307 0.09254807692307693 0.15745192307692307
7 0.22716346153846154 0.07572115384615384 0.09375 0.15144230769230768
7 0.3701923076923077 0.6141826923076923 0.17548076923076922 0.33653846153846156
7 0.20793269230769232 0.4230769230769231 0.12620192307692307 0.2764423076923077
7 0.056490384615384616 0.43149038461538464 0.11298076923076923 0.2860576923076923
3 0.7980769230769231 0.7668269230769231 0.13942307692307693 0.27884615384615385
3 0.8725961538461539 0.4519230769230769 0.12740384615384615 0.28125
3 0.5072115384615384 0.2764423076923077 0.12980769230769232 0.2824519230769231
3 0.7199519230769231 0.37259615384615385 0.140625 0.27884615384615385
3 0.20673076923076922 0.8112980769230769 0.20072115384615385 0.37740384615384615