3 0.5 0.08173076923076923 0.1045673076923077 0.1622596153846154
7 0.3545673076923077 0.5925480769230769 0.12860576923076922 0.28966346153846156
3 0.8521634615384616 0.0673076923076923 0.08052884615384616 0.12379807692307693
3 0.07091346153846154 0.2704326923076923 0.10576923076923077 0.19110576923076922
7 0.24879807692307693 0.22956730769230768 0.0985576923076923 0.171875
7 0.025240384615384616 0.06850961538461539 0.05048076923076923 0.1310096153846154
7 0.1466346153846154 0.11057692307692307 0.0829326923076923 0.15745192307692307
7 0.26322115384615385 0.078125 0.09735576923076923 0.13581730769230768
7 0.4266826923076923 0.22115384615384615 0.0985576923076923 0.1658653846153846
7 0.375 0.08774038461538461 0.10096153846153846 0.1622596153846154
7 0.9170673076923077 0.09134615384615384 0.08413461538461539 0.17668269230769232
7 0.7692307692307693 0.09134615384615384 0.08533653846153846 0.1658653846153846
7 0.6394230769230769 0.5949519230769231 0.15985576923076922 0.30649038461538464
7 0.7872596153846154 0.421875 0.1141826923076923 0.2512019230769231
7 0.9362980769230769 0.43028846153846156 0.12620192307692307 0.25841346153846156
3 0.25 0.7331730769230769 0.12740384615384615 0.2536057692307692
3 0.1814903846153846 0.44711538461538464 0.11538461538461539 0.2548076923076923
3 0.5144230769230769 0.28725961538461536 0.11778846153846154 0.25721153846153844
3 0.31971153846153844 0.375 0.12860576923076922 0.2536057692307692
3 0.7884615384615384 0.7944711538461539 0.18389423076923078 0.38341346153846156