3 0.5276442307692307 0.06009615384615385 0.11057692307692307 0.11899038461538461
7 0.3713942307692308 0.578125 0.13701923076923078 0.31009615384615385
3 0.9026442307692307 0.042067307692307696 0.08533653846153846 0.08413461538461539
3 0.06971153846153846 0.234375 0.11298076923076923 0.203125
7 0.25961538461538464 0.18990384615384615 0.1045673076923077 0.18269230769230768
7 0.02403846153846154 0.04447115384615385 0.04807692307692308 0.0889423076923077
7 0.15264423076923078 0.0733173076923077 0.0889423076923077 0.1466346153846154
7 0.27524038461538464 0.051682692307692304 0.10336538461538461 0.10216346153846154
7 0.4495192307692308 0.1814903846153846 0.1045673076923077 0.17668269230769232
7 0.3942307692307692 0.06370192307692307 0.10697115384615384 0.12740384615384615
7 0.9639423076923077 0.06850961538461539 0.07211538461538461 0.13701923076923078
7 0.8137019230769231 0.06610576923076923 0.09134615384615384 0.13221153846153846
7 0.6754807692307693 0.5817307692307693 0.17067307692307693 0.3269230769230769
7 0.8329326923076923 0.3954326923076923 0.12139423076923077 0.2692307692307692
7 0.9615384615384616 0.4050480769230769 0.07572115384615384 0.2764423076923077
3 0.2608173076923077 0.7283653846153846 0.13581730769230768 0.2704326923076923
3 0.18870192307692307 0.4230769230769231 0.12259615384615384 0.27283653846153844
3 0.5432692307692307 0.25240384615384615 0.12620192307692307 0.27403846153846156
3 0.33533653846153844 0.34615384615384615 0.13701923076923078 0.2704326923076923
3 0.8341346153846154 0.7932692307692307 0.19471153846153846 0.40865384615384615