3 0.203125 0.019230769230769232 0.03485576923076923 0.037259615384615384
3 0.4495192307692308 0.036057692307692304 0.04807692307692308 0.07211538461538461
3 0.6129807692307693 0.010817307692307692 0.03365384615384615 0.020432692307692308
3 0.5552884615384616 0.02403846153846154 0.037259615384615384 0.04807692307692308
3 0.7608173076923077 0.055288461538461536 0.056490384615384616 0.11057692307692307
3 0.7932692307692307 0.09014423076923077 0.057692307692307696 0.1502403846153846
3 0.8581730769230769 0.5733173076923077 0.12740384615384615 0.27524038461538464
3 0.6778846153846154 0.46033653846153844 0.0889423076923077 0.22956730769230768
3 0.5961538461538461 0.2620192307692308 0.08173076923076923 0.18509615384615385
3 0.4651442307692308 0.20673076923076922 0.07211538461538461 0.17668269230769232
3 0.4375 0.36538461538461536 0.08653846153846154 0.19831730769230768
3 0.34615384615384615 0.19110576923076922 0.08173076923076923 0.17908653846153846
3 0.17908653846153846 0.09975961538461539 0.054086538461538464 0.13341346153846154
3 0.13581730769230768 0.02283653846153846 0.05048076923076923 0.04567307692307692
7 0.24759615384615385 0.08413461538461539 0.04567307692307692 0.10576923076923077