3 0.17668269230769232 0.01201923076923077 0.036057692307692304 0.02403846153846154
3 0.4375 0.03125 0.052884615384615384 0.0625
3 0.5504807692307693 0.018028846153846152 0.038461538461538464 0.03485576923076923
3 0.7680288461538461 0.05048076923076923 0.06009615384615385 0.10096153846153846
3 0.8040865384615384 0.07932692307692307 0.06009615384615385 0.15865384615384615
3 0.8713942307692307 0.5925480769230769 0.13581730769230768 0.2920673076923077
3 0.6802884615384616 0.4735576923076923 0.09375 0.24278846153846154
3 0.59375 0.2620192307692308 0.08653846153846154 0.1971153846153846
3 0.4543269230769231 0.20432692307692307 0.07692307692307693 0.1875
3 0.4254807692307692 0.37259615384615385 0.09134615384615384 0.21033653846153846
3 0.328125 0.1875 0.08653846153846154 0.18990384615384615
3 0.1502403846153846 0.09014423076923077 0.057692307692307696 0.14182692307692307
3 0.1045673076923077 0.016826923076923076 0.054086538461538464 0.03365384615384615
7 0.22355769230769232 0.07451923076923077 0.04927884615384615 0.11298076923076923