3 0.8173076923076923 0.025240384615384616 0.03485576923076923 0.05048076923076923
3 0.5721153846153846 0.04326923076923077 0.04927884615384615 0.08533653846153846
3 0.4074519230769231 0.016826923076923076 0.03365384615384615 0.03365384615384615
3 0.4651442307692308 0.030048076923076924 0.037259615384615384 0.06009615384615385
3 0.2608173076923077 0.06129807692307692 0.056490384615384616 0.12259615384615384
3 0.22716346153846154 0.10216346153846154 0.057692307692307696 0.1502403846153846
3 0.1622596153846154 0.5853365384615384 0.12740384615384615 0.27524038461538464
3 0.3425480769230769 0.4723557692307692 0.0889423076923077 0.22956730769230768
3 0.42427884615384615 0.27403846153846156 0.08173076923076923 0.18509615384615385
3 0.5552884615384616 0.21995192307692307 0.07211538461538461 0.17668269230769232
3 0.5829326923076923 0.3786057692307692 0.08653846153846154 0.19831730769230768
3 0.6742788461538461 0.20432692307692307 0.08173076923076923 0.17908653846153846
3 0.8425480769230769 0.11298076923076923 0.054086538461538464 0.13341346153846154
3 0.8834134615384616 0.028846153846153848 0.05048076923076923 0.057692307692307696
7 0.7740384615384616 0.09735576923076923 0.04567307692307692 0.10576923076923077