3 0.7896634615384616 0.28966346153846156 0.03485576923076923 0.08173076923076923
3 0.9567307692307693 0.2536057692307692 0.04927884615384615 0.11538461538461539
3 0.9110576923076923 0.25240384615384615 0.04927884615384615 0.11778846153846154
3 0.8353365384615384 0.22596153846153846 0.06009615384615385 0.12980769230769232
3 0.7259615384615384 0.21033653846153846 0.04807692307692308 0.1310096153846154
3 0.671875 0.20432692307692307 0.055288461538461536 0.1346153846153846
3 0.5348557692307693 0.13701923076923078 0.0733173076923077 0.15985576923076922
3 0.41947115384615385 0.109375 0.0829326923076923 0.18870192307692307
3 0.375 0.3076923076923077 0.051682692307692304 0.1141826923076923
3 0.2608173076923077 0.32091346153846156 0.06009615384615385 0.10817307692307693
3 0.019230769230769232 0.23557692307692307 0.037259615384615384 0.1141826923076923
3 0.11658653846153846 0.0889423076923077 0.0889423076923077 0.1778846153846154