3 0.22716346153846154 0.28725961538461536 0.03245192307692308 0.078125
3 0.06610576923076923 0.25240384615384615 0.046875 0.11177884615384616
3 0.109375 0.25240384615384615 0.046875 0.11298076923076923
3 0.18269230769230768 0.22596153846153846 0.057692307692307696 0.12379807692307693
3 0.28846153846153844 0.21033653846153846 0.04567307692307692 0.12620192307692307
3 0.3401442307692308 0.20552884615384615 0.052884615384615384 0.12980769230769232
3 0.47115384615384615 0.140625 0.06971153846153846 0.15384615384615385
3 0.5817307692307693 0.1141826923076923 0.07932692307692307 0.18028846153846154
3 0.6237980769230769 0.30528846153846156 0.04927884615384615 0.109375
3 0.7331730769230769 0.3161057692307692 0.057692307692307696 0.1045673076923077
3 0.9735576923076923 0.23557692307692307 0.052884615384615384 0.109375
3 0.8701923076923077 0.09254807692307693 0.08533653846153846 0.17548076923076922