3 0.7776442307692307 0.28966346153846156 0.03245192307692308 0.078125
3 0.9387019230769231 0.2548076923076923 0.046875 0.11177884615384616
3 0.8942307692307693 0.2536057692307692 0.046875 0.11298076923076923
3 0.8209134615384616 0.2283653846153846 0.057692307692307696 0.12379807692307693
3 0.7163461538461539 0.2127403846153846 0.04567307692307692 0.12620192307692307
3 0.6646634615384616 0.20673076923076922 0.052884615384615384 0.12980769230769232
3 0.5324519230769231 0.14182692307692307 0.06971153846153846 0.15384615384615385
3 0.4230769230769231 0.11538461538461539 0.07932692307692307 0.18028846153846154
3 0.3798076923076923 0.30649038461538464 0.04927884615384615 0.109375
3 0.27163461538461536 0.31850961538461536 0.057692307692307696 0.1045673076923077
3 0.028846153846153848 0.23677884615384615 0.054086538461538464 0.109375
3 0.13341346153846154 0.09495192307692307 0.08533653846153846 0.17548076923076922