3 0.7872596153846154 0.2980769230769231 0.03485576923076923 0.0829326923076923
3 0.9591346153846154 0.2608173076923077 0.05048076923076923 0.11778846153846154
3 0.9122596153846154 0.25961538461538464 0.05048076923076923 0.1201923076923077
3 0.8341346153846154 0.23197115384615385 0.06129807692307692 0.13221153846153846
3 0.7223557692307693 0.21634615384615385 0.04927884615384615 0.13341346153846154
3 0.6682692307692307 0.21033653846153846 0.056490384615384616 0.13701923076923078
3 0.5288461538461539 0.14182692307692307 0.07451923076923077 0.1622596153846154
3 0.4110576923076923 0.11298076923076923 0.08413461538461539 0.19230769230769232
3 0.36658653846153844 0.3161057692307692 0.052884615384615384 0.11658653846153846
3 0.25 0.328125 0.06129807692307692 0.11057692307692307
3 0.01201923076923077 0.24278846153846154 0.02283653846153846 0.11658653846153846
3 0.1045673076923077 0.09254807692307693 0.09014423076923077 0.18389423076923078