3 0.7788461538461539 0.2920673076923077 0.03245192307692308 0.07932692307692307
3 0.9411057692307693 0.25721153846153844 0.046875 0.11177884615384616
3 0.8966346153846154 0.25600961538461536 0.046875 0.11298076923076923
3 0.8233173076923077 0.23076923076923078 0.057692307692307696 0.125
3 0.7175480769230769 0.21514423076923078 0.046875 0.12620192307692307
3 0.6658653846153846 0.2091346153846154 0.054086538461538464 0.12980769230769232
3 0.5336538461538461 0.14423076923076922 0.06971153846153846 0.15384615384615385
3 0.4230769230769231 0.11778846153846154 0.07932692307692307 0.1814903846153846
3 0.38100961538461536 0.31009615384615385 0.04927884615384615 0.109375
3 0.27163461538461536 0.32091346153846156 0.057692307692307696 0.1045673076923077
3 0.028846153846153848 0.2403846153846154 0.054086538461538464 0.109375
3 0.13341346153846154 0.09735576923076923 0.08533653846153846 0.17548076923076922