3 0.7764423076923077 0.29447115384615385 0.03485576923076923 0.0829326923076923
3 0.9447115384615384 0.25721153846153844 0.04927884615384615 0.11658653846153846
3 0.8990384615384616 0.25721153846153844 0.04927884615384615 0.11899038461538461
3 0.8221153846153846 0.22956730769230768 0.06009615384615385 0.12980769230769232
3 0.7115384615384616 0.21394230769230768 0.04807692307692308 0.13221153846153846
3 0.6574519230769231 0.20793269230769232 0.056490384615384616 0.13581730769230768
3 0.5192307692307693 0.13942307692307693 0.0733173076923077 0.16105769230769232
3 0.40384615384615385 0.11177884615384616 0.0829326923076923 0.18990384615384615
3 0.359375 0.3125 0.051682692307692304 0.11538461538461539
3 0.24519230769230768 0.3245192307692308 0.06009615384615385 0.109375
3 0.009615384615384616 0.23918269230769232 0.019230769230769232 0.11538461538461539
3 0.10096153846153846 0.09134615384615384 0.0889423076923077 0.1814903846153846