3 0.421875 0.24519230769230768 0.040865384615384616 0.08052884615384616
7 0.5516826923076923 0.25600961538461536 0.02403846153846154 0.036057692307692304
7 0.9855769230769231 0.2668269230769231 0.01201923076923077 0.020432692307692308
7 0.7295673076923077 0.2692307692307692 0.008413461538461538 0.02403846153846154
7 0.3545673076923077 0.27163461538461536 0.009615384615384616 0.020432692307692308
3 0.3233173076923077 0.27283653846153844 0.040865384615384616 0.0673076923076923
3 0.6670673076923077 0.27524038461538464 0.04807692307692308 0.08774038461538461
7 0.8076923076923077 0.2776442307692308 0.007211538461538462 0.014423076923076924
7 0.8497596153846154 0.2800480769230769 0.015625 0.03245192307692308
3 0.8233173076923077 0.28125 0.007211538461538462 0.010817307692307692
3 0.3798076923076923 0.2824519230769231 0.008413461538461538 0.018028846153846152
7 0.7451923076923077 0.28725961538461536 0.02283653846153846 0.04447115384615385
3 0.5096153846153846 0.2920673076923077 0.013221153846153846 0.036057692307692304
7 0.2764423076923077 0.30528846153846156 0.030048076923076924 0.07932692307692307
3 0.5637019230769231 0.45072115384615385 0.04447115384615385 0.06610576923076923
3 0.13581730769230768 0.125 0.08533653846153846 0.1658653846153846