3 0.4098557692307692 0.25721153846153844 0.04447115384615385 0.08774038461538461
7 0.5504807692307693 0.26802884615384615 0.026442307692307692 0.039663461538461536
7 0.7451923076923077 0.28365384615384615 0.009615384615384616 0.025240384615384616
7 0.33533653846153844 0.2848557692307692 0.010817307692307692 0.02283653846153846
3 0.3016826923076923 0.28725961538461536 0.04447115384615385 0.0733173076923077
3 0.6778846153846154 0.28966346153846156 0.051682692307692304 0.09615384615384616
7 0.8305288461538461 0.2920673076923077 0.007211538461538462 0.015625
7 0.8762019230769231 0.29447115384615385 0.016826923076923076 0.03485576923076923
3 0.8485576923076923 0.2956730769230769 0.007211538461538462 0.010817307692307692
3 0.3641826923076923 0.2980769230769231 0.009615384615384616 0.019230769230769232
7 0.7620192307692307 0.30288461538461536 0.02403846153846154 0.04807692307692308
3 0.5048076923076923 0.3088942307692308 0.014423076923076924 0.039663461538461536
7 0.2512019230769231 0.32211538461538464 0.03245192307692308 0.08653846153846154
3 0.5637019230769231 0.48197115384615385 0.04927884615384615 0.07211538461538461
3 0.09615384615384616 0.12620192307692307 0.09254807692307693 0.1814903846153846