3 0.5757211538461539 0.23557692307692307 0.042067307692307696 0.08173076923076923
7 0.44350961538461536 0.24519230769230768 0.025240384615384616 0.037259615384615384
7 0.004807692307692308 0.25721153846153844 0.008413461538461538 0.020432692307692308
7 0.2620192307692308 0.25961538461538464 0.008413461538461538 0.02403846153846154
7 0.6442307692307693 0.2608173076923077 0.009615384615384616 0.020432692307692308
3 0.6754807692307693 0.26322115384615385 0.042067307692307696 0.06850961538461539
3 0.32572115384615385 0.265625 0.04807692307692308 0.09014423076923077
7 0.18269230769230768 0.2668269230769231 0.007211538461538462 0.014423076923076924
7 0.140625 0.2704326923076923 0.015625 0.03245192307692308
3 0.16706730769230768 0.2704326923076923 0.007211538461538462 0.010817307692307692
3 0.6177884615384616 0.27283653846153844 0.008413461538461538 0.018028846153846152
7 0.24759615384615385 0.2776442307692308 0.02283653846153846 0.04447115384615385
3 0.48677884615384615 0.2824519230769231 0.013221153846153846 0.037259615384615384
7 0.7223557692307693 0.2956730769230769 0.03125 0.08052884615384616
3 0.43149038461538464 0.44350961538461536 0.04567307692307692 0.0673076923076923
3 0.8665865384615384 0.11298076923076923 0.08653846153846154 0.16826923076923078