3 0.6850961538461539 0.3557692307692308 0.027644230769230768 0.055288461538461536
3 0.9915865384615384 0.35096153846153844 0.015625 0.078125
3 0.5600961538461539 0.375 0.021634615384615384 0.06009615384615385
3 0.9675480769230769 0.4375 0.06129807692307692 0.11538461538461539
3 0.8918269230769231 0.3737980769230769 0.025240384615384616 0.06129807692307692
3 0.7451923076923077 0.33774038461538464 0.028846153846153848 0.0673076923076923
3 0.6790865384615384 0.46033653846153844 0.06129807692307692 0.1310096153846154
3 0.9314903846153846 0.5348557692307693 0.08173076923076923 0.13221153846153846
3 0.8112980769230769 0.41346153846153844 0.09735576923076923 0.19471153846153846
3 0.3641826923076923 0.4050480769230769 0.037259615384615384 0.08173076923076923
3 0.32211538461538464 0.484375 0.06129807692307692 0.13701923076923078
3 0.42427884615384615 0.46634615384615385 0.0625 0.12860576923076922
3 0.6105769230769231 0.4266826923076923 0.0673076923076923 0.17908653846153846
3 0.5408653846153846 0.6009615384615384 0.0985576923076923 0.21995192307692307
3 0.052884615384615384 0.6947115384615384 0.07091346153846154 0.27403846153846156
3 0.14423076923076922 0.5889423076923077 0.17427884615384615 0.42788461538461536