3 0.3269230769230769 0.36658653846153844 0.028846153846153848 0.05889423076923077
3 0.007211538461538462 0.3605769230769231 0.014423076923076924 0.08173076923076923
3 0.45913461538461536 0.3858173076923077 0.02283653846153846 0.06370192307692307
3 0.03245192307692308 0.4519230769230769 0.06370192307692307 0.12139423076923077
3 0.11057692307692307 0.3858173076923077 0.026442307692307692 0.06490384615384616
3 0.2644230769230769 0.3473557692307692 0.030048076923076924 0.07091346153846154
3 0.33413461538461536 0.47596153846153844 0.06370192307692307 0.13822115384615385
3 0.06971153846153846 0.5540865384615384 0.08533653846153846 0.13942307692307693
3 0.19471153846153846 0.4266826923076923 0.10216346153846154 0.20432692307692307
3 0.6646634615384616 0.4182692307692308 0.039663461538461536 0.08533653846153846
3 0.7091346153846154 0.5012019230769231 0.06490384615384616 0.14423076923076922
3 0.6009615384615384 0.48197115384615385 0.06610576923076923 0.1346153846153846
3 0.40625 0.4411057692307692 0.07091346153846154 0.18870192307692307
3 0.4795673076923077 0.6237980769230769 0.1045673076923077 0.23076923076923078
3 0.9771634615384616 0.7211538461538461 0.04567307692307692 0.28846153846153844
3 0.8954326923076923 0.6105769230769231 0.18269230769230768 0.4495192307692308