7 0.2608173076923077 0.31490384615384615 0.09014423076923077 0.23557692307692307
7 0.6622596153846154 0.07451923076923077 0.07091346153846154 0.14903846153846154
3 0.7427884615384616 0.8100961538461539 0.21394230769230768 0.3798076923076923
3 0.6466346153846154 0.34975961538461536 0.10817307692307693 0.34375
3 0.9555288461538461 0.375 0.08774038461538461 0.26802884615384615
3 0.9326923076923077 0.11057692307692307 0.0829326923076923 0.19110576923076922
3 0.7788461538461539 0.35697115384615385 0.1045673076923077 0.24759615384615385
3 0.5336538461538461 0.34134615384615385 0.15625 0.3894230769230769
3 0.3894230769230769 0.4579326923076923 0.12379807692307693 0.30288461538461536
3 0.2247596153846154 0.5552884615384616 0.14182692307692307 0.3605769230769231
3 0.06850961538461539 0.6778846153846154 0.13701923076923078 0.5336538461538461