3 0.29086538461538464 0.33052884615384615 0.027644230769230768 0.057692307692307696
3 0.4206730769230769 0.34975961538461536 0.021634615384615384 0.0625
3 0.015625 0.41466346153846156 0.03125 0.1201923076923077
3 0.07692307692307693 0.34975961538461536 0.026442307692307692 0.06370192307692307
3 0.2283653846153846 0.3112980769230769 0.030048076923076924 0.06971153846153846
3 0.296875 0.4387019230769231 0.06370192307692307 0.13581730769230768
3 0.039663461538461536 0.515625 0.078125 0.13701923076923078
3 0.15985576923076922 0.3894230769230769 0.10096153846153846 0.20192307692307693
3 0.6237980769230769 0.38100961538461536 0.038461538461538464 0.08413461538461539
3 0.6670673076923077 0.46274038461538464 0.06370192307692307 0.14182692307692307
3 0.5612980769230769 0.44471153846153844 0.06490384615384616 0.13221153846153846
3 0.36899038461538464 0.40384615384615385 0.06971153846153846 0.18629807692307693
3 0.4411057692307692 0.5841346153846154 0.10336538461538461 0.2283653846153846
3 0.9471153846153846 0.6814903846153846 0.0733173076923077 0.2848557692307692
3 0.8521634615384616 0.5721153846153846 0.1814903846153846 0.44350961538461536