7 0.2800480769230769 0.328125 0.08653846153846154 0.2247596153846154
7 0.6634615384615384 0.09735576923076923 0.0673076923076923 0.14543269230769232
3 0.7403846153846154 0.8100961538461539 0.20432692307692307 0.3798076923076923
3 0.6478365384615384 0.36177884615384615 0.10336538461538461 0.328125
3 0.9507211538461539 0.3870192307692308 0.0985576923076923 0.25600961538461536
3 0.9206730769230769 0.13341346153846154 0.07932692307692307 0.18269230769230768
3 0.7740384615384616 0.36899038461538464 0.09975961538461539 0.23557692307692307
3 0.5408653846153846 0.3545673076923077 0.14903846153846154 0.37259615384615385
3 0.4026442307692308 0.46634615384615385 0.11778846153846154 0.28966346153846156
3 0.24639423076923078 0.5576923076923077 0.1346153846153846 0.3449519230769231
3 0.08173076923076923 0.6766826923076923 0.16346153846153846 0.5108173076923077