7 0.3233173076923077 0.3641826923076923 0.09014423076923077 0.23677884615384615
7 0.7259615384615384 0.1201923076923077 0.07091346153846154 0.15384615384615385
3 0.8076923076923077 0.8353365384615384 0.21514423076923078 0.3293269230769231
3 0.7103365384615384 0.39903846153846156 0.109375 0.34615384615384615
3 0.9879807692307693 0.4254807692307692 0.02283653846153846 0.2704326923076923
3 0.9783653846153846 0.15865384615384615 0.04326923076923077 0.19230769230769232
3 0.8425480769230769 0.40625 0.1045673076923077 0.24879807692307693
3 0.5973557692307693 0.390625 0.15745192307692307 0.39302884615384615
3 0.4519230769230769 0.5084134615384616 0.125 0.30528846153846156
3 0.28725961538461536 0.6057692307692307 0.14182692307692307 0.3641826923076923
3 0.10216346153846154 0.7307692307692307 0.19591346153846154 0.5384615384615384