3 0.7127403846153846 0.35096153846153844 0.028846153846153848 0.05889423076923077
3 0.5793269230769231 0.3713942307692308 0.02283653846153846 0.06490384615384616
3 0.9903846153846154 0.4375 0.019230769230769232 0.125
3 0.9326923076923077 0.3701923076923077 0.027644230769230768 0.06610576923076923
3 0.7764423076923077 0.3317307692307692 0.03125 0.07211538461538461
3 0.7067307692307693 0.46274038461538464 0.06490384615384616 0.13942307692307693
3 0.9651442307692307 0.5420673076923077 0.06850961538461539 0.14182692307692307
3 0.8461538461538461 0.41225961538461536 0.1045673076923077 0.20793269230769232
3 0.3701923076923077 0.40384615384615385 0.039663461538461536 0.08653846153846154
3 0.3245192307692308 0.4879807692307692 0.06610576923076923 0.1466346153846154
3 0.4338942307692308 0.46875 0.0673076923076923 0.13701923076923078
3 0.6322115384615384 0.4266826923076923 0.07211538461538461 0.19110576923076922
3 0.5588942307692307 0.6129807692307693 0.10576923076923077 0.234375
3 0.037259615384615384 0.7127403846153846 0.07451923076923077 0.2920673076923077
3 0.1346153846153846 0.5997596153846154 0.18629807692307693 0.4567307692307692