7 0.6971153846153846 0.33413461538461536 0.08533653846153846 0.22235576923076922
7 0.3173076923076923 0.1045673076923077 0.0673076923076923 0.14423076923076922
3 0.24158653846153846 0.8112980769230769 0.20192307692307693 0.37740384615384615
3 0.3329326923076923 0.36658653846153844 0.10216346153846154 0.3245192307692308
3 0.040865384615384616 0.3918269230769231 0.08173076923076923 0.2536057692307692
3 0.0625 0.14182692307692307 0.078125 0.18028846153846154
3 0.20793269230769232 0.3737980769230769 0.0985576923076923 0.23317307692307693
3 0.43990384615384615 0.359375 0.14783653846153846 0.36899038461538464
3 0.5757211538461539 0.4699519230769231 0.11658653846153846 0.2860576923076923
3 0.7307692307692307 0.5612980769230769 0.13341346153846154 0.34134615384615385
3 0.9050480769230769 0.6778846153846154 0.18389423076923078 0.5060096153846154