3 0.3125 0.328125 0.027644230769230768 0.057692307692307696
3 0.4411057692307692 0.3473557692307692 0.021634615384615384 0.0625
3 0.026442307692307692 0.41225961538461536 0.052884615384615384 0.1201923076923077
3 0.0985576923076923 0.34615384615384615 0.026442307692307692 0.06370192307692307
3 0.25 0.3088942307692308 0.030048076923076924 0.06971153846153846
3 0.31850961538461536 0.43509615384615385 0.0625 0.13581730769230768
3 0.05889423076923077 0.5120192307692307 0.08413461538461539 0.13701923076923078
3 0.18269230769230768 0.3870192307692308 0.10096153846153846 0.20072115384615385
3 0.6430288461538461 0.3786057692307692 0.038461538461538464 0.08413461538461539
3 0.6862980769230769 0.46033653846153844 0.06370192307692307 0.14182692307692307
3 0.5817307692307693 0.4411057692307692 0.06490384615384616 0.13221153846153846
3 0.3894230769230769 0.4014423076923077 0.06971153846153846 0.18509615384615385
3 0.46153846153846156 0.5805288461538461 0.10216346153846154 0.22716346153846154
3 0.9639423076923077 0.6778846153846154 0.07211538461538461 0.28365384615384615
3 0.8701923076923077 0.5685096153846154 0.18028846153846154 0.4423076923076923