7 0.7007211538461539 0.3425480769230769 0.0829326923076923 0.21754807692307693
7 0.3293269230769231 0.11899038461538461 0.06490384615384616 0.140625
3 0.2548076923076923 0.8112980769230769 0.19831730769230768 0.3737980769230769
3 0.34375 0.375 0.10096153846153846 0.3173076923076923
3 0.05048076923076923 0.39903846153846156 0.09615384615384616 0.24879807692307693
3 0.07932692307692307 0.15504807692307693 0.07692307692307693 0.17668269230769232
3 0.22235576923076922 0.38221153846153844 0.09615384615384616 0.2283653846153846
3 0.4483173076923077 0.36778846153846156 0.14543269230769232 0.3605769230769231
3 0.5829326923076923 0.47596153846153844 0.1141826923076923 0.2800480769230769
3 0.734375 0.5649038461538461 0.1310096153846154 0.33413461538461536
3 0.9050480769230769 0.6790865384615384 0.18028846153846154 0.4951923076923077