7 0.7067307692307693 0.3088942307692308 0.0889423076923077 0.23076923076923078
7 0.3125 0.0733173076923077 0.06971153846153846 0.14543269230769232
3 0.234375 0.8040865384615384 0.21033653846153846 0.3918269230769231
3 0.328125 0.3425480769230769 0.10697115384615384 0.33653846153846156
3 0.03485576923076923 0.36658653846153844 0.06971153846153846 0.2620192307692308
3 0.04807692307692308 0.109375 0.08052884615384616 0.1875
3 0.19951923076923078 0.35096153846153844 0.10216346153846154 0.24278846153846154
3 0.4387019230769231 0.33533653846153844 0.15384615384615385 0.38221153846153844
3 0.5805288461538461 0.4495192307692308 0.12139423076923077 0.296875
3 0.7415865384615384 0.5444711538461539 0.13822115384615385 0.3545673076923077
3 0.9134615384615384 0.6658653846153846 0.17307692307692307 0.5240384615384616