3 0.6911057692307693 0.3269230769230769 0.027644230769230768 0.057692307692307696
3 0.5625 0.34615384615384615 0.021634615384615384 0.0625
3 0.9747596153846154 0.4098557692307692 0.04927884615384615 0.1201923076923077
3 0.9050480769230769 0.3449519230769231 0.026442307692307692 0.06370192307692307
3 0.7536057692307693 0.3076923076923077 0.030048076923076924 0.06971153846153846
3 0.6850961538461539 0.4338942307692308 0.0625 0.13581730769230768
3 0.9447115384615384 0.5108173076923077 0.08413461538461539 0.13701923076923078
3 0.8209134615384616 0.3858173076923077 0.10096153846153846 0.20072115384615385
3 0.3605769230769231 0.37740384615384615 0.038461538461538464 0.08413461538461539
3 0.3173076923076923 0.45913461538461536 0.06370192307692307 0.14182692307692307
3 0.421875 0.43990384615384615 0.06490384615384616 0.13221153846153846
3 0.6141826923076923 0.39903846153846156 0.06971153846153846 0.18509615384615385
3 0.5420673076923077 0.5793269230769231 0.10216346153846154 0.22716346153846154
3 0.038461538461538464 0.6754807692307693 0.07211538461538461 0.28365384615384615
3 0.13341346153846154 0.5673076923076923 0.18028846153846154 0.4423076923076923