3 0.9615384615384616 0.29927884615384615 0.06129807692307692 0.1310096153846154
3 0.8377403846153846 0.3233173076923077 0.0673076923076923 0.12860576923076922
3 0.7463942307692307 0.28966346153846156 0.05889423076923077 0.1141826923076923
3 0.6574519230769231 0.29447115384615385 0.055288461538461536 0.1141826923076923
3 0.5697115384615384 0.2536057692307692 0.051682692307692304 0.10817307692307693
3 0.4423076923076923 0.2608173076923077 0.057692307692307696 0.11778846153846154
3 0.3329326923076923 0.22596153846153846 0.051682692307692304 0.11899038461538461
3 0.27524038461538464 0.18629807692307693 0.046875 0.11658653846153846
3 0.2283653846153846 0.2764423076923077 0.056490384615384616 0.13221153846153846
3 0.13341346153846154 0.27403846153846156 0.05889423076923077 0.13221153846153846
3 0.027644230769230768 0.2620192307692308 0.055288461538461536 0.1346153846153846