3 0.9795673076923077 0.27884615384615385 0.039663461538461536 0.13822115384615385
3 0.8617788461538461 0.30408653846153844 0.07091346153846154 0.13701923076923078
3 0.765625 0.26802884615384615 0.0625 0.12139423076923077
3 0.6706730769230769 0.27403846153846156 0.05889423076923077 0.12139423076923077
3 0.5769230769230769 0.22956730769230768 0.054086538461538464 0.11538461538461539
3 0.4423076923076923 0.23798076923076922 0.06129807692307692 0.125
3 0.3269230769230769 0.20072115384615385 0.055288461538461536 0.12620192307692307
3 0.2644230769230769 0.15865384615384615 0.04927884615384615 0.12379807692307693
3 0.21514423076923078 0.2548076923076923 0.06009615384615385 0.140625
3 0.11538461538461539 0.2512019230769231 0.0625 0.140625
3 0.016826923076923076 0.23918269230769232 0.03245192307692308 0.14302884615384615