3 0.2764423076923077 0.18990384615384615 0.03365384615384615 0.09375
3 0.33533653846153844 0.23317307692307693 0.038461538461538464 0.0985576923076923
3 0.5709134615384616 0.25240384615384615 0.042067307692307696 0.09735576923076923
3 0.44471153846153844 0.25841346153846156 0.042067307692307696 0.09495192307692307
3 0.027644230769230768 0.2608173076923077 0.04807692307692308 0.10576923076923077
3 0.23076923076923078 0.27884615384615385 0.042067307692307696 0.10096153846153846
3 0.13701923076923078 0.28125 0.04567307692307692 0.09495192307692307
3 0.9639423076923077 0.28966346153846156 0.06129807692307692 0.1310096153846154
3 0.6574519230769231 0.28966346153846156 0.04567307692307692 0.09735576923076923
3 0.75 0.28966346153846156 0.046875 0.09375
3 0.8449519230769231 0.328125 0.051682692307692304 0.10336538461538461