3 0.026442307692307692 0.65625 0.052884615384615384 0.11538461538461539
3 0.010817307692307692 0.7211538461538461 0.020432692307692308 0.12259615384615384
3 0.2536057692307692 0.7908653846153846 0.0625 0.11658653846153846
3 0.15625 0.5192307692307693 0.051682692307692304 0.10216346153846154
3 0.04807692307692308 0.46875 0.052884615384615384 0.09495192307692307
3 0.18870192307692307 0.3293269230769231 0.052884615384615384 0.109375
3 0.009615384615384616 0.2980769230769231 0.019230769230769232 0.09615384615384616
7 0.020432692307692308 0.014423076923076924 0.039663461538461536 0.028846153846153848
3 0.11298076923076923 0.042067307692307696 0.04447115384615385 0.0829326923076923
3 0.38822115384615385 0.042067307692307696 0.040865384615384616 0.08413461538461539
3 0.49038461538461536 0.03365384615384615 0.040865384615384616 0.06610576923076923
3 0.4579326923076923 0.09134615384615384 0.037259615384615384 0.09495192307692307
3 0.4182692307692308 0.14182692307692307 0.046875 0.0889423076923077
3 0.3137019230769231 0.12740384615384615 0.04567307692307692 0.0889423076923077
3 0.3389423076923077 0.19951923076923078 0.051682692307692304 0.09495192307692307
3 0.3858173076923077 0.3629807692307692 0.054086538461538464 0.09975961538461539
3 0.4375 0.45072115384615385 0.0625 0.1141826923076923
3 0.5516826923076923 0.5372596153846154 0.057692307692307696 0.11177884615384616
3 0.6790865384615384 0.4699519230769231 0.0625 0.1141826923076923
3 0.65625 0.30408653846153844 0.051682692307692304 0.10216346153846154
3 0.7716346153846154 0.2536057692307692 0.052884615384615384 0.09375
3 0.7043269230769231 0.18028846153846154 0.03485576923076923 0.07932692307692307
3 0.7295673076923077 0.109375 0.054086538461538464 0.0829326923076923
3 0.7007211538461539 0.02403846153846154 0.040865384615384616 0.04807692307692308
3 0.8713942307692307 0.010817307692307692 0.052884615384615384 0.020432692307692308
3 0.9615384615384616 0.020432692307692308 0.04807692307692308 0.040865384615384616
3 0.8774038461538461 0.10216346153846154 0.052884615384615384 0.09495192307692307
3 0.9663461538461539 0.14543269230769232 0.046875 0.09134615384615384
3 0.9459134615384616 0.2439903846153846 0.057692307692307696 0.09735576923076923
3 0.9855769230769231 0.32211538461538464 0.028846153846153848 0.09375
3 0.9206730769230769 0.37259615384615385 0.0625 0.08533653846153846
3 0.9290865384615384 0.45072115384615385 0.057692307692307696 0.10336538461538461
3 0.8449519230769231 0.5733173076923077 0.06850961538461539 0.12259615384615384
3 0.9002403846153846 0.7896634615384616 0.06370192307692307 0.1310096153846154
3 0.6225961538461539 0.8173076923076923 0.0673076923076923 0.13701923076923078
3 0.7572115384615384 0.8701923076923077 0.06850961538461539 0.12620192307692307
3 0.8713942307692307 0.9278846153846154 0.06490384615384616 0.13221153846153846