3 0.06610576923076923 0.6550480769230769 0.051682692307692304 0.10697115384615384
3 0.03365384615384615 0.7127403846153846 0.06009615384615385 0.11298076923076923
3 0.2776442307692308 0.7764423076923077 0.057692307692307696 0.10697115384615384
3 0.18870192307692307 0.5276442307692307 0.046875 0.09375
3 0.0889423076923077 0.4807692307692308 0.04807692307692308 0.08774038461538461
3 0.21875 0.35216346153846156 0.04807692307692308 0.10096153846153846
3 0.03365384615384615 0.32572115384615385 0.055288461538461536 0.09014423076923077
7 0.0625 0.04447115384615385 0.038461538461538464 0.06490384615384616
3 0.14903846153846154 0.08653846153846154 0.040865384615384616 0.078125
3 0.17548076923076922 0.021634615384615384 0.03365384615384615 0.04326923076923077
3 0.20432692307692307 0.026442307692307692 0.037259615384615384 0.052884615384615384
3 0.40024038461538464 0.0889423076923077 0.038461538461538464 0.078125
3 0.5709134615384616 0.021634615384615384 0.036057692307692304 0.04326923076923077
3 0.4963942307692308 0.07572115384615384 0.038461538461538464 0.07091346153846154
3 0.46634615384615385 0.13341346153846154 0.03485576923076923 0.08774038461538461
3 0.43028846153846156 0.18028846153846154 0.04326923076923077 0.08173076923076923
3 0.33413461538461536 0.16706730769230768 0.042067307692307696 0.08173076923076923
3 0.35697115384615385 0.23317307692307693 0.046875 0.08774038461538461
3 0.40024038461538464 0.38341346153846156 0.04927884615384615 0.09134615384615384
3 0.44711538461538464 0.4651442307692308 0.057692307692307696 0.1045673076923077
3 0.5516826923076923 0.5444711538461539 0.052884615384615384 0.10336538461538461
3 0.6694711538461539 0.48197115384615385 0.057692307692307696 0.1045673076923077
3 0.6490384615384616 0.3293269230769231 0.046875 0.09375
3 0.7560096153846154 0.28365384615384615 0.04807692307692308 0.08533653846153846
3 0.6923076923076923 0.21514423076923078 0.03125 0.07211538461538461
3 0.7163461538461539 0.1502403846153846 0.04927884615384615 0.07692307692307693
3 0.6899038461538461 0.06129807692307692 0.038461538461538464 0.06490384615384616
3 0.8473557692307693 0.03485576923076923 0.04807692307692308 0.06850961538461539
3 0.9290865384615384 0.04567307692307692 0.04567307692307692 0.08413461538461539
3 0.8521634615384616 0.14302884615384615 0.04807692307692308 0.08774038461538461
3 0.9350961538461539 0.18269230769230768 0.04326923076923077 0.08413461538461539
3 0.9158653846153846 0.27403846153846156 0.052884615384615384 0.09014423076923077
3 0.9663461538461539 0.34615384615384615 0.055288461538461536 0.08533653846153846
3 0.8930288461538461 0.3918269230769231 0.057692307692307696 0.078125
3 0.9002403846153846 0.4639423076923077 0.052884615384615384 0.09495192307692307
3 0.8233173076923077 0.5769230769230769 0.06370192307692307 0.11298076923076923
3 0.8737980769230769 0.7752403846153846 0.05889423076923077 0.1201923076923077
3 0.6177884615384616 0.8016826923076923 0.0625 0.12620192307692307
3 0.7415865384615384 0.8497596153846154 0.06370192307692307 0.11658653846153846
3 0.8461538461538461 0.9026442307692307 0.06009615384615385 0.12259615384615384