3 0.4699519230769231 0.05889423076923077 0.021634615384615384 0.04807692307692308
3 0.5372596153846154 0.18389423076923078 0.042067307692307696 0.07692307692307693
3 0.5841346153846154 0.13221153846153846 0.03245192307692308 0.0625
3 0.7475961538461539 0.1141826923076923 0.04567307692307692 0.06850961538461539
3 0.6862980769230769 0.16706730769230768 0.046875 0.09134615384615384
3 0.609375 0.1875 0.046875 0.10576923076923077
3 0.5649038461538461 0.30408653846153844 0.052884615384615384 0.11899038461538461
3 0.5108173076923077 0.3485576923076923 0.06610576923076923 0.1466346153846154
3 0.6574519230769231 0.4182692307692308 0.08052884615384616 0.19110576923076922
3 0.7391826923076923 0.3954326923076923 0.08173076923076923 0.19591346153846154
3 0.5528846153846154 0.7307692307692307 0.109375 0.3233173076923077
3 0.8329326923076923 0.703125 0.1201923076923077 0.28966346153846156
3 0.6959134615384616 0.7548076923076923 0.19110576923076922 0.35697115384615385
3 0.43509615384615385 0.6153846153846154 0.16346153846153846 0.35096153846153844
3 0.11658653846153846 0.4411057692307692 0.17908653846153846 0.39903846153846156