3 0.5576923076923077 0.018028846153846152 0.02403846153846154 0.036057692307692304
3 0.48197115384615385 0.14903846153846154 0.046875 0.08533653846153846
3 0.42908653846153844 0.09134615384615384 0.036057692307692304 0.06850961538461539
3 0.25 0.07211538461538461 0.04927884615384615 0.07572115384615384
3 0.3173076923076923 0.1310096153846154 0.051682692307692304 0.10096153846153846
3 0.4026442307692308 0.15264423076923078 0.051682692307692304 0.11658653846153846
3 0.4519230769230769 0.28125 0.05889423076923077 0.1310096153846154
3 0.5108173076923077 0.33052884615384615 0.07211538461538461 0.16105769230769232
3 0.34975961538461536 0.4074519230769231 0.0889423076923077 0.21153846153846154
3 0.25961538461538464 0.38221153846153844 0.09014423076923077 0.21634615384615385
3 0.4639423076923077 0.7524038461538461 0.1201923076923077 0.35697115384615385
3 0.15504807692307693 0.7211538461538461 0.13341346153846154 0.31850961538461536
3 0.30649038461538464 0.7776442307692307 0.21033653846153846 0.3942307692307692
3 0.5949519230769231 0.6237980769230769 0.18028846153846154 0.3870192307692308
3 0.9230769230769231 0.4326923076923077 0.15264423076923078 0.43990384615384615