3 0.5324519230769231 0.014423076923076924 0.02403846153846154 0.028846153846153848
3 0.46033653846153844 0.13822115384615385 0.04447115384615385 0.0829326923076923
3 0.4098557692307692 0.0829326923076923 0.03485576923076923 0.06610576923076923
3 0.23557692307692307 0.06370192307692307 0.04807692307692308 0.0733173076923077
3 0.3016826923076923 0.1201923076923077 0.05048076923076923 0.0985576923076923
3 0.38341346153846156 0.14182692307692307 0.05048076923076923 0.11298076923076923
3 0.43149038461538464 0.265625 0.056490384615384616 0.12740384615384615
3 0.4879807692307692 0.3137019230769231 0.07091346153846154 0.15625
3 0.3317307692307692 0.38822115384615385 0.08653846153846154 0.20432692307692307
3 0.2439903846153846 0.3641826923076923 0.08774038461538461 0.21033653846153846
3 0.44350961538461536 0.7223557692307693 0.11658653846153846 0.34615384615384615
3 0.14423076923076922 0.6923076923076923 0.12860576923076922 0.3088942307692308
3 0.28966346153846156 0.7475961538461539 0.20432692307692307 0.38221153846153844
3 0.5697115384615384 0.5985576923076923 0.17427884615384615 0.375
3 0.9074519230769231 0.41225961538461536 0.18509615384615385 0.4266826923076923