3 0.4735576923076923 0.07451923076923077 0.02283653846153846 0.05048076923076923
3 0.5432692307692307 0.20673076923076922 0.04447115384615385 0.08173076923076923
3 0.59375 0.15264423076923078 0.03365384615384615 0.06490384615384616
3 0.765625 0.13341346153846154 0.04807692307692308 0.07211538461538461
3 0.7007211538461539 0.18990384615384615 0.04927884615384615 0.09615384615384616
3 0.6189903846153846 0.21033653846153846 0.04927884615384615 0.11177884615384616
3 0.5733173076923077 0.3329326923076923 0.055288461538461536 0.125
3 0.5168269230769231 0.3798076923076923 0.06971153846153846 0.15384615384615385
3 0.6694711538461539 0.453125 0.08533653846153846 0.20072115384615385
3 0.7560096153846154 0.42908653846153844 0.08533653846153846 0.20673076923076922
3 0.5612980769230769 0.78125 0.11538461538461539 0.3401442307692308
3 0.8545673076923077 0.7524038461538461 0.12620192307692307 0.30408653846153844
3 0.7115384615384616 0.8064903846153846 0.20072115384615385 0.375
3 0.4362980769230769 0.6598557692307693 0.171875 0.36899038461538464
3 0.10216346153846154 0.47716346153846156 0.1875 0.4182692307692308