3 0.5 0.02403846153846154 0.02403846153846154 0.04807692307692308
3 0.5745192307692307 0.15985576923076922 0.04567307692307692 0.08413461538461539
3 0.6262019230769231 0.10336538461538461 0.03485576923076923 0.0673076923076923
3 0.8040865384615384 0.08413461538461539 0.04927884615384615 0.07572115384615384
3 0.7367788461538461 0.14182692307692307 0.05048076923076923 0.09975961538461539
3 0.6538461538461539 0.16346153846153846 0.05048076923076923 0.11538461538461539
3 0.6045673076923077 0.28966346153846156 0.057692307692307696 0.12980769230769232
3 0.5456730769230769 0.3389423076923077 0.07211538461538461 0.15985576923076922
3 0.7055288461538461 0.41466346153846156 0.08774038461538461 0.2091346153846154
3 0.7944711538461539 0.390625 0.0889423076923077 0.21394230769230768
3 0.5925480769230769 0.7548076923076923 0.11899038461538461 0.35216346153846156
3 0.8978365384615384 0.7247596153846154 0.1310096153846154 0.31490384615384615
3 0.7487980769230769 0.78125 0.20793269230769232 0.38822115384615385
3 0.4639423076923077 0.6286057692307693 0.1778846153846154 0.38221153846153844
3 0.11658653846153846 0.43990384615384615 0.19471153846153846 0.4338942307692308