3 0.4723557692307692 0.06129807692307692 0.02283653846153846 0.04807692307692308
3 0.5408653846153846 0.18870192307692307 0.042067307692307696 0.078125
3 0.5889423076923077 0.13581730769230768 0.03245192307692308 0.0625
3 0.7536057692307693 0.11778846153846154 0.04567307692307692 0.06971153846153846
3 0.6911057692307693 0.171875 0.046875 0.09254807692307693
3 0.6129807692307693 0.19230769230769232 0.046875 0.10697115384615384
3 0.5685096153846154 0.31009615384615385 0.054086538461538464 0.1201923076923077
3 0.5144230769230769 0.3545673076923077 0.06610576923076923 0.14783653846153846
3 0.6622596153846154 0.4254807692307692 0.08173076923076923 0.1935096153846154
3 0.7451923076923077 0.4026442307692308 0.0829326923076923 0.19831730769230768
3 0.5564903846153846 0.7415865384615384 0.11057692307692307 0.328125
3 0.8401442307692307 0.7139423076923077 0.12139423076923077 0.2932692307692308
3 0.7019230769230769 0.7668269230769231 0.1935096153846154 0.36177884615384615
3 0.4375 0.625 0.1658653846153846 0.3557692307692308
3 0.11538461538461539 0.4483173076923077 0.18028846153846154 0.40384615384615385