3 0.24759615384615385 0.3161057692307692 0.020432692307692308 0.04447115384615385
3 0.046875 0.3918269230769231 0.0889423076923077 0.1622596153846154
3 0.12259615384615384 0.41466346153846156 0.04326923076923077 0.09014423076923077
3 0.2127403846153846 0.3641826923076923 0.03485576923076923 0.07211538461538461
3 0.34615384615384615 0.3425480769230769 0.020432692307692308 0.051682692307692304
3 0.3317307692307692 0.3112980769230769 0.020432692307692308 0.04447115384615385
3 0.3161057692307692 0.3545673076923077 0.021634615384615384 0.036057692307692304
7 0.4855769230769231 0.3605769230769231 0.019230769230769232 0.042067307692307696
3 0.4206730769230769 0.40384615384615385 0.036057692307692304 0.08774038461538461
3 0.5336538461538461 0.3557692307692308 0.027644230769230768 0.057692307692307696
3 0.578125 0.3605769230769231 0.03365384615384615 0.0625
3 0.7512019230769231 0.38221153846153844 0.026442307692307692 0.040865384615384616
3 0.9435096153846154 0.3942307692307692 0.019230769230769232 0.039663461538461536
3 0.9591346153846154 0.40024038461538464 0.02403846153846154 0.04567307692307692
3 0.8641826923076923 0.41225961538461536 0.019230769230769232 0.039663461538461536
3 0.6442307692307693 0.3870192307692308 0.027644230769230768 0.0625
3 0.6899038461538461 0.3798076923076923 0.021634615384615384 0.04927884615384615
3 0.9134615384615384 0.4014423076923077 0.025240384615384616 0.046875
3 0.8882211538461539 0.4014423076923077 0.027644230769230768 0.056490384615384616
3 0.9819711538461539 0.4326923076923077 0.03365384615384615 0.06610576923076923
3 0.9603365384615384 0.4675480769230769 0.038461538461538464 0.08173076923076923
3 0.8798076923076923 0.53125 0.06009615384615385 0.10336538461538461
3 0.7043269230769231 0.421875 0.04567307692307692 0.08173076923076923
3 0.6670673076923077 0.4891826923076923 0.038461538461538464 0.09134615384615384
3 0.765625 0.45913461538461536 0.06009615384615385 0.14182692307692307
3 0.8221153846153846 0.4951923076923077 0.08413461538461539 0.17908653846153846
3 0.6850961538461539 0.6418269230769231 0.09615384615384616 0.19230769230769232
3 0.5769230769230769 0.6141826923076923 0.051682692307692304 0.11778846153846154
3 0.5012019230769231 0.44711538461538464 0.040865384615384616 0.10096153846153846
3 0.5552884615384616 0.44471153846153844 0.04447115384615385 0.0829326923076923
3 0.45913461538461536 0.47115384615384615 0.056490384615384616 0.10817307692307693
3 0.484375 0.59375 0.1045673076923077 0.20552884615384615
3 0.34975961538461536 0.4699519230769231 0.06129807692307692 0.13581730769230768
3 0.22235576923076922 0.6201923076923077 0.19831730769230768 0.43509615384615385