3 0.7632211538461539 0.33533653846153844 0.021634615384615384 0.04567307692307692
3 0.9627403846153846 0.41466346153846156 0.07451923076923077 0.16826923076923078
3 0.8930288461538461 0.4375 0.04447115384615385 0.09254807692307693
3 0.8004807692307693 0.3858173076923077 0.036057692307692304 0.07572115384615384
3 0.6610576923076923 0.36177884615384615 0.021634615384615384 0.054086538461538464
3 0.6754807692307693 0.33052884615384615 0.021634615384615384 0.04567307692307692
3 0.6923076923076923 0.375 0.02283653846153846 0.037259615384615384
7 0.5168269230769231 0.38100961538461536 0.020432692307692308 0.04447115384615385
3 0.5841346153846154 0.4266826923076923 0.038461538461538464 0.09134615384615384
3 0.46634615384615385 0.3762019230769231 0.028846153846153848 0.06009615384615385
3 0.4206730769230769 0.38100961538461536 0.03485576923076923 0.06490384615384616
3 0.24158653846153846 0.40384615384615385 0.027644230769230768 0.042067307692307696
3 0.042067307692307696 0.41586538461538464 0.019230769230769232 0.040865384615384616
3 0.025240384615384616 0.421875 0.025240384615384616 0.046875
3 0.125 0.43509615384615385 0.019230769230769232 0.040865384615384616
3 0.35216346153846156 0.40865384615384615 0.028846153846153848 0.06490384615384616
3 0.30528846153846156 0.4014423076923077 0.021634615384615384 0.05048076923076923
3 0.07211538461538461 0.4230769230769231 0.026442307692307692 0.04927884615384615
3 0.09975961538461539 0.4230769230769231 0.028846153846153848 0.05889423076923077
3 0.009615384615384616 0.45552884615384615 0.019230769230769232 0.06850961538461539
3 0.02403846153846154 0.49158653846153844 0.039663461538461536 0.08533653846153846
3 0.10697115384615384 0.5588942307692307 0.0625 0.10817307692307693
3 0.28966346153846156 0.44471153846153844 0.046875 0.08533653846153846
3 0.3293269230769231 0.5144230769230769 0.039663461538461536 0.09495192307692307
3 0.22596153846153846 0.4831730769230769 0.06129807692307692 0.1466346153846154
3 0.16826923076923078 0.5216346153846154 0.08774038461538461 0.18629807692307693
3 0.31009615384615385 0.6730769230769231 0.09975961538461539 0.19951923076923078
3 0.421875 0.6442307692307693 0.054086538461538464 0.12259615384615384
3 0.5 0.47115384615384615 0.042067307692307696 0.1045673076923077
3 0.44471153846153844 0.4675480769230769 0.04567307692307692 0.08653846153846154
3 0.5432692307692307 0.4963942307692308 0.05889423076923077 0.11298076923076923
3 0.5180288461538461 0.6237980769230769 0.10817307692307693 0.21394230769230768
3 0.6574519230769231 0.4951923076923077 0.06370192307692307 0.140625
3 0.7896634615384616 0.6514423076923077 0.20552884615384615 0.453125