3 0.7439903846153846 0.3269230769230769 0.020432692307692308 0.04326923076923077
3 0.9411057692307693 0.4014423076923077 0.08774038461538461 0.15985576923076922
3 0.8677884615384616 0.4230769230769231 0.04326923076923077 0.08774038461538461
3 0.7788461538461539 0.375 0.03485576923076923 0.07091346153846154
3 0.6466346153846154 0.35216346153846156 0.020432692307692308 0.051682692307692304
3 0.6610576923076923 0.32211538461538464 0.020432692307692308 0.04326923076923077
3 0.6766826923076923 0.3641826923076923 0.021634615384615384 0.036057692307692304
7 0.5108173076923077 0.3701923076923077 0.019230769230769232 0.042067307692307696
3 0.5745192307692307 0.41346153846153844 0.036057692307692304 0.08653846153846154
3 0.46274038461538464 0.36658653846153844 0.026442307692307692 0.057692307692307696
3 0.4182692307692308 0.3701923076923077 0.03365384615384615 0.0625
3 0.24879807692307693 0.3918269230769231 0.026442307692307692 0.039663461538461536
3 0.05889423076923077 0.40384615384615385 0.018028846153846152 0.038461538461538464
3 0.04326923076923077 0.4098557692307692 0.02403846153846154 0.04447115384615385
3 0.13701923076923078 0.421875 0.018028846153846152 0.038461538461538464
3 0.35336538461538464 0.39663461538461536 0.026442307692307692 0.0625
3 0.3088942307692308 0.3894230769230769 0.020432692307692308 0.04807692307692308
3 0.08774038461538461 0.4098557692307692 0.025240384615384616 0.046875
3 0.1141826923076923 0.4098557692307692 0.027644230769230768 0.055288461538461536
3 0.021634615384615384 0.4411057692307692 0.03245192307692308 0.06490384615384616
3 0.042067307692307696 0.47475961538461536 0.037259615384615384 0.08052884615384616
3 0.12139423076923077 0.5384615384615384 0.06009615384615385 0.10216346153846154
3 0.29447115384615385 0.43028846153846156 0.04447115384615385 0.08052884615384616
3 0.3317307692307692 0.4963942307692308 0.037259615384615384 0.09014423076923077
3 0.234375 0.4675480769230769 0.05889423076923077 0.13942307692307693
3 0.17908653846153846 0.5036057692307693 0.0829326923076923 0.17668269230769232
3 0.3137019230769231 0.6466346153846154 0.09495192307692307 0.18870192307692307
3 0.41947115384615385 0.6201923076923077 0.051682692307692304 0.11658653846153846
3 0.49399038461538464 0.45552884615384615 0.040865384615384616 0.0985576923076923
3 0.4411057692307692 0.453125 0.04326923076923077 0.08173076923076923
3 0.5360576923076923 0.4795673076923077 0.056490384615384616 0.10697115384615384
3 0.5108173076923077 0.5997596153846154 0.10336538461538461 0.203125
3 0.6430288461538461 0.47836538461538464 0.06009615384615385 0.13341346153846154
3 0.7692307692307693 0.6262019230769231 0.19591346153846154 0.42908653846153844