3 0.21033653846153846 0.30408653846153844 0.021634615384615384 0.04807692307692308
3 0.020432692307692308 0.3870192307692308 0.040865384615384616 0.17548076923076922
3 0.07451923076923077 0.4110576923076923 0.046875 0.09735576923076923
3 0.171875 0.35697115384615385 0.037259615384615384 0.078125
3 0.3173076923076923 0.3329326923076923 0.021634615384615384 0.056490384615384616
3 0.3016826923076923 0.29927884615384615 0.021634615384615384 0.04807692307692308
3 0.28365384615384615 0.34615384615384615 0.02403846153846154 0.039663461538461536
7 0.46634615384615385 0.35336538461538464 0.021634615384615384 0.04567307692307692
3 0.39663461538461536 0.40024038461538464 0.039663461538461536 0.09495192307692307
3 0.5192307692307693 0.3473557692307692 0.030048076923076924 0.0625
3 0.5673076923076923 0.35216346153846156 0.037259615384615384 0.06850961538461539
3 0.7536057692307693 0.3762019230769231 0.028846153846153848 0.04447115384615385
3 0.9627403846153846 0.38822115384615385 0.020432692307692308 0.042067307692307696
3 0.9783653846153846 0.3954326923076923 0.025240384615384616 0.04927884615384615
3 0.8762019230769231 0.40865384615384615 0.020432692307692308 0.042067307692307696
3 0.6394230769230769 0.38100961538461536 0.030048076923076924 0.06850961538461539
3 0.6875 0.3737980769230769 0.02283653846153846 0.052884615384615384
3 0.9302884615384616 0.39663461538461536 0.027644230769230768 0.05048076923076923
3 0.9014423076923077 0.39663461538461536 0.030048076923076924 0.06129807692307692
3 0.9927884615384616 0.43028846153846156 0.014423076923076924 0.07091346153846154
3 0.9795673076923077 0.4675480769230769 0.040865384615384616 0.0889423076923077
3 0.8942307692307693 0.5372596153846154 0.06490384615384616 0.11177884615384616
3 0.7043269230769231 0.4182692307692308 0.04927884615384615 0.0889423076923077
3 0.6622596153846154 0.49158653846153844 0.040865384615384616 0.0985576923076923
3 0.7692307692307693 0.45913461538461536 0.06490384615384616 0.15264423076923078
3 0.8305288461538461 0.4987980769230769 0.09134615384615384 0.1935096153846154
3 0.6826923076923077 0.65625 0.1045673076923077 0.20793269230769232
3 0.5661057692307693 0.6262019230769231 0.056490384615384616 0.12740384615384615
3 0.484375 0.44591346153846156 0.04447115384615385 0.109375
3 0.5420673076923077 0.44350961538461536 0.04807692307692308 0.09014423076923077
3 0.4387019230769231 0.4723557692307692 0.06129807692307692 0.11778846153846154
3 0.4651442307692308 0.6045673076923077 0.11298076923076923 0.22235576923076922
3 0.32091346153846156 0.47115384615384615 0.06610576923076923 0.1466346153846154
3 0.1814903846153846 0.6334134615384616 0.21514423076923078 0.47115384615384615