3 0.2536057692307692 0.3233173076923077 0.020432692307692308 0.04326923076923077
3 0.056490384615384616 0.39903846153846156 0.08774038461538461 0.15985576923076922
3 0.1310096153846154 0.4206730769230769 0.04326923076923077 0.08774038461538461
3 0.21995192307692307 0.3713942307692308 0.03485576923076923 0.07091346153846154
3 0.35096153846153844 0.3485576923076923 0.020432692307692308 0.051682692307692304
3 0.33774038461538464 0.31850961538461536 0.020432692307692308 0.04326923076923077
3 0.32091346153846156 0.36177884615384615 0.021634615384615384 0.036057692307692304
7 0.4879807692307692 0.36778846153846156 0.019230769230769232 0.042067307692307696
3 0.42427884615384615 0.4098557692307692 0.036057692307692304 0.08653846153846154
3 0.5360576923076923 0.3629807692307692 0.026442307692307692 0.057692307692307696
3 0.5793269230769231 0.36658653846153844 0.03365384615384615 0.0625
3 0.75 0.38822115384615385 0.026442307692307692 0.039663461538461536
3 0.9399038461538461 0.40024038461538464 0.018028846153846152 0.038461538461538464
3 0.9543269230769231 0.40625 0.02403846153846154 0.04447115384615385
3 0.8605769230769231 0.4182692307692308 0.018028846153846152 0.038461538461538464
3 0.6454326923076923 0.39302884615384615 0.026442307692307692 0.0625
3 0.6887019230769231 0.3858173076923077 0.020432692307692308 0.04807692307692308
3 0.9098557692307693 0.4074519230769231 0.025240384615384616 0.046875
3 0.8846153846153846 0.4074519230769231 0.027644230769230768 0.055288461538461536
3 0.9771634615384616 0.4375 0.03245192307692308 0.06490384615384616
3 0.9555288461538461 0.4723557692307692 0.037259615384615384 0.08052884615384616
3 0.8774038461538461 0.5360576923076923 0.06009615384615385 0.10216346153846154
3 0.7043269230769231 0.4266826923076923 0.04447115384615385 0.08052884615384616
3 0.6670673076923077 0.49399038461538464 0.037259615384615384 0.09014423076923077
3 0.7644230769230769 0.4639423076923077 0.05889423076923077 0.13942307692307693
3 0.8197115384615384 0.5 0.0829326923076923 0.17668269230769232
3 0.6850961538461539 0.6442307692307693 0.09495192307692307 0.18870192307692307
3 0.578125 0.6165865384615384 0.051682692307692304 0.11658653846153846
3 0.5036057692307693 0.4519230769230769 0.040865384615384616 0.0985576923076923
3 0.5564903846153846 0.4495192307692308 0.04326923076923077 0.08173076923076923
3 0.46274038461538464 0.47596153846153844 0.056490384615384616 0.10697115384615384
3 0.48677884615384615 0.5961538461538461 0.10336538461538461 0.203125
3 0.3545673076923077 0.47475961538461536 0.06009615384615385 0.13341346153846154
3 0.2283653846153846 0.6225961538461539 0.19591346153846154 0.42908653846153844