3 0.2764423076923077 0.35336538461538464 0.021634615384615384 0.046875
3 0.06129807692307692 0.43509615384615385 0.09615384615384616 0.17307692307692307
3 0.14182692307692307 0.45913461538461536 0.046875 0.09615384615384616
3 0.23798076923076922 0.40625 0.037259615384615384 0.07692307692307693
3 0.38100961538461536 0.38100961538461536 0.021634615384615384 0.055288461538461536
3 0.36658653846153844 0.3485576923076923 0.021634615384615384 0.046875
3 0.3485576923076923 0.3942307692307692 0.02403846153846154 0.038461538461538464
7 0.5300480769230769 0.4014423076923077 0.020432692307692308 0.04567307692307692
3 0.46033653846153844 0.4483173076923077 0.039663461538461536 0.09375
3 0.5817307692307693 0.39663461538461536 0.028846153846153848 0.0625
3 0.6298076923076923 0.40024038461538464 0.036057692307692304 0.0673076923076923
3 0.8137019230769231 0.42427884615384615 0.027644230769230768 0.04326923076923077
3 0.9338942307692307 0.4567307692307692 0.020432692307692308 0.042067307692307696
3 0.7007211538461539 0.42908653846153844 0.028846153846153848 0.0673076923076923
3 0.7475961538461539 0.421875 0.02283653846153846 0.051682692307692304
3 0.9867788461538461 0.44471153846153844 0.025240384615384616 0.05048076923076923
3 0.9603365384615384 0.44471153846153844 0.030048076923076924 0.06009615384615385
3 0.9519230769230769 0.5841346153846154 0.06490384615384616 0.11057692307692307
3 0.7644230769230769 0.46634615384615385 0.04807692307692308 0.08774038461538461
3 0.7235576923076923 0.5384615384615384 0.040865384615384616 0.09735576923076923
3 0.8293269230769231 0.5072115384615384 0.06370192307692307 0.15144230769230768
3 0.8894230769230769 0.5456730769230769 0.09014423076923077 0.19230769230769232
3 0.7439903846153846 0.7019230769230769 0.10336538461538461 0.20552884615384615
3 0.6274038461538461 0.6730769230769231 0.055288461538461536 0.12620192307692307
3 0.546875 0.49278846153846156 0.04326923076923077 0.10817307692307693
3 0.6045673076923077 0.49038461538461536 0.046875 0.0889423076923077
3 0.5024038461538461 0.5192307692307693 0.06129807692307692 0.11658653846153846
3 0.5288461538461539 0.6502403846153846 0.11177884615384616 0.21995192307692307
3 0.3858173076923077 0.5180288461538461 0.06610576923076923 0.14423076923076922
3 0.24759615384615385 0.6790865384615384 0.2127403846153846 0.46634615384615385