7 0.7091346153846154 0.12980769230769232 0.07091346153846154 0.15625
7 0.8978365384615384 0.17427884615384615 0.0733173076923077 0.16947115384615385
7 0.9723557692307693 0.3245192307692308 0.055288461538461536 0.21153846153846154
7 0.6117788461538461 0.625 0.13341346153846154 0.25721153846153844
7 0.640625 0.46274038461538464 0.11658653846153846 0.21394230769230768
7 0.5516826923076923 0.2860576923076923 0.08052884615384616 0.21153846153846154
7 0.49038461538461536 0.22716346153846154 0.07932692307692307 0.19591346153846154
7 0.25 0.23197115384615385 0.09014423076923077 0.2091346153846154
7 0.12379807692307693 0.26802884615384615 0.09014423076923077 0.1875
7 0.1875 0.359375 0.09014423076923077 0.23918269230769232
7 0.18990384615384615 0.5709134615384616 0.10817307692307693 0.2127403846153846
7 0.33533653846153844 0.5180288461538461 0.11177884615384616 0.2644230769230769
3 0.8725961538461539 0.5973557692307693 0.14423076923076922 0.3076923076923077
3 0.4411057692307692 0.5072115384615384 0.11778846153846154 0.28725961538461536