7 0.265625 0.09975961538461539 0.0733173076923077 0.16105769230769232
7 0.06971153846153846 0.1466346153846154 0.07692307692307693 0.17548076923076922
7 0.010817307692307692 0.3016826923076923 0.020432692307692308 0.21875
7 0.36538461538461536 0.6129807692307693 0.13701923076923078 0.2668269230769231
7 0.33533653846153844 0.44471153846153844 0.1201923076923077 0.22115384615384615
7 0.4266826923076923 0.2620192307692308 0.0829326923076923 0.21875
7 0.49158653846153844 0.20072115384615385 0.08173076923076923 0.203125
7 0.7391826923076923 0.20673076923076922 0.09254807692307693 0.21634615384615385
7 0.8701923076923077 0.24278846153846154 0.09375 0.19471153846153846
7 0.8040865384615384 0.33653846153846156 0.09375 0.24759615384615385
7 0.8016826923076923 0.5564903846153846 0.11177884615384616 0.21995192307692307
7 0.6514423076923077 0.5012019230769231 0.11538461538461539 0.27283653846153844
3 0.09495192307692307 0.5829326923076923 0.14903846153846154 0.3173076923076923
3 0.5420673076923077 0.49038461538461536 0.12259615384615384 0.296875