7 0.6995192307692307 0.1310096153846154 0.07091346153846154 0.15504807692307693
7 0.8882211538461539 0.17548076923076922 0.0733173076923077 0.16947115384615385
7 0.9663461538461539 0.32572115384615385 0.06370192307692307 0.21033653846153846
7 0.6033653846153846 0.625 0.13221153846153846 0.25721153846153844
7 0.6322115384615384 0.46274038461538464 0.11538461538461539 0.21394230769230768
7 0.5444711538461539 0.28725961538461536 0.07932692307692307 0.21033653846153846
7 0.48197115384615385 0.2283653846153846 0.078125 0.19591346153846154
7 0.2439903846153846 0.23317307692307693 0.0889423076923077 0.2091346153846154
7 0.11899038461538461 0.2692307692307692 0.09014423076923077 0.1875
7 0.1814903846153846 0.359375 0.09014423076923077 0.23798076923076922
7 0.18389423076923078 0.5709134615384616 0.10697115384615384 0.21153846153846154
7 0.328125 0.5168269230769231 0.11057692307692307 0.26322115384615385
3 0.8629807692307693 0.5973557692307693 0.14302884615384615 0.30649038461538464
3 0.4338942307692308 0.5072115384615384 0.11778846153846154 0.2860576923076923