3 0.18629807692307693 0.109375 0.055288461538461536 0.1045673076923077
3 0.47716346153846156 0.20673076923076922 0.04447115384615385 0.17548076923076922
3 0.6622596153846154 0.15384615384615385 0.10697115384615384 0.29927884615384615
3 0.7704326923076923 0.10576923076923077 0.16346153846153846 0.21153846153846154
3 0.5985576923076923 0.2127403846153846 0.0673076923076923 0.22235576923076922
3 0.5360576923076923 0.17548076923076922 0.08173076923076923 0.21634615384615385
3 0.020432692307692308 0.20793269230769232 0.040865384615384616 0.12740384615384615
3 0.15264423076923078 0.18629807692307693 0.052884615384615384 0.14302884615384615
3 0.0985576923076923 0.17548076923076922 0.09375 0.17307692307692307
3 0.21394230769230768 0.19471153846153846 0.09014423076923077 0.1814903846153846
3 0.3233173076923077 0.11538461538461539 0.08774038461538461 0.18629807692307693
3 0.2980769230769231 0.24759615384615385 0.0985576923076923 0.22115384615384615
3 0.2764423076923077 0.546875 0.11298076923076923 0.23918269230769232