3 0.22115384615384615 0.1346153846153846 0.057692307692307696 0.10817307692307693
3 0.5252403846153846 0.23557692307692307 0.046875 0.18269230769230768
3 0.7175480769230769 0.1814903846153846 0.11177884615384616 0.3112980769230769
3 0.8305288461538461 0.12139423076923077 0.17067307692307693 0.23918269230769232
3 0.6514423076923077 0.24278846153846154 0.07091346153846154 0.23197115384615385
3 0.5853365384615384 0.20432692307692307 0.08413461538461539 0.2247596153846154
3 0.04567307692307692 0.23798076923076922 0.046875 0.13221153846153846
3 0.18629807692307693 0.21514423076923078 0.054086538461538464 0.14903846153846154
3 0.1310096153846154 0.20432692307692307 0.09735576923076923 0.17908653846153846
3 0.25 0.2247596153846154 0.09375 0.18870192307692307
3 0.3641826923076923 0.14182692307692307 0.09134615384615384 0.19471153846153846
3 0.33774038461538464 0.27884615384615385 0.10336538461538461 0.23076923076923078
3 0.3161057692307692 0.5901442307692307 0.11778846153846154 0.24879807692307693