3 0.7944711538461539 0.11658653846153846 0.054086538461538464 0.10216346153846154
3 0.5108173076923077 0.21153846153846154 0.04326923076923077 0.17067307692307693
3 0.33052884615384615 0.15985576923076922 0.1045673076923077 0.29086538461538464
3 0.22596153846153846 0.10817307692307693 0.15865384615384615 0.21634615384615385
3 0.39302884615384615 0.21754807692307693 0.06610576923076923 0.21754807692307693
3 0.4543269230769231 0.1814903846153846 0.07932692307692307 0.21153846153846154
3 0.9591346153846154 0.2127403846153846 0.04326923076923077 0.12379807692307693
3 0.828125 0.19110576923076922 0.05048076923076923 0.13942307692307693
3 0.8798076923076923 0.1814903846153846 0.09134615384615384 0.16826923076923078
3 0.7680288461538461 0.20072115384615385 0.08774038461538461 0.17668269230769232
3 0.6610576923076923 0.12259615384615384 0.08533653846153846 0.18269230769230768
3 0.6862980769230769 0.2512019230769231 0.09615384615384616 0.21634615384615385
3 0.7067307692307693 0.5432692307692307 0.11057692307692307 0.23317307692307693