3 0.6298076923076923 0.3233173076923077 0.0889423076923077 0.140625
3 0.8689903846153846 0.3605769230769231 0.15384615384615385 0.27163461538461536
3 0.109375 0.4230769230769231 0.1201923076923077 0.19110576923076922
3 0.18629807692307693 0.07211538461538461 0.025240384615384616 0.06850961538461539
7 0.3629807692307692 0.07932692307692307 0.07091346153846154 0.109375
3 0.1310096153846154 0.08173076923076923 0.054086538461538464 0.09975961538461539
3 0.5889423076923077 0.16706730769230768 0.07091346153846154 0.12860576923076922
7 0.26322115384615385 0.16826923076923078 0.06610576923076923 0.10576923076923077
3 0.9603365384615384 0.18870192307692307 0.07932692307692307 0.18389423076923078
3 0.49278846153846156 0.19230769230769232 0.13942307692307693 0.2848557692307692
3 0.109375 0.1971153846153846 0.0625 0.09975961538461539
3 0.33413461538461536 0.23076923076923078 0.07932692307692307 0.14423076923076922
3 0.18990384615384615 0.2403846153846154 0.0889423076923077 0.15625
3 0.5697115384615384 0.2548076923076923 0.06850961538461539 0.1346153846153846