3 0.6033653846153846 0.3401442307692308 0.08653846153846154 0.13701923076923078
3 0.8365384615384616 0.3762019230769231 0.14903846153846154 0.265625
3 0.0985576923076923 0.4375 0.11658653846153846 0.18629807692307693
3 0.17307692307692307 0.09495192307692307 0.02403846153846154 0.0673076923076923
7 0.3449519230769231 0.10216346153846154 0.06850961538461539 0.10697115384615384
3 0.11899038461538461 0.10336538461538461 0.052884615384615384 0.09735576923076923
3 0.5649038461538461 0.1875 0.06850961538461539 0.125
7 0.24759615384615385 0.18870192307692307 0.06490384615384616 0.10336538461538461
3 0.9338942307692307 0.2091346153846154 0.09254807692307693 0.18028846153846154
3 0.47115384615384615 0.21153846153846154 0.1346153846153846 0.2776442307692308
3 0.0985576923076923 0.21634615384615385 0.06009615384615385 0.09735576923076923
3 0.3161057692307692 0.25 0.07692307692307693 0.140625
3 0.17668269230769232 0.25961538461538464 0.08653846153846154 0.15264423076923078
3 0.5456730769230769 0.27283653846153844 0.06610576923076923 0.1310096153846154