3 0.640625 0.3076923076923077 0.09014423076923077 0.14302884615384615
3 0.8834134615384616 0.3449519230769231 0.15625 0.2776442307692308
3 0.11177884615384616 0.40865384615384615 0.12259615384615384 0.19471153846153846
3 0.18990384615384615 0.05048076923076923 0.025240384615384616 0.06971153846153846
7 0.36899038461538464 0.05889423076923077 0.07211538461538461 0.11177884615384616
3 0.13341346153846154 0.06009615384615385 0.055288461538461536 0.10216346153846154
3 0.5985576923076923 0.14783653846153846 0.07211538461538461 0.1310096153846154
7 0.26802884615384615 0.1502403846153846 0.0673076923076923 0.10817307692307693
3 0.96875 0.17067307692307693 0.0625 0.1875
3 0.5012019230769231 0.17307692307692307 0.14182692307692307 0.28966346153846156
3 0.11177884615384616 0.1778846153846154 0.06370192307692307 0.10216346153846154
3 0.3401442307692308 0.21394230769230768 0.08052884615384616 0.1466346153846154
3 0.1935096153846154 0.22235576923076922 0.09014423076923077 0.15865384615384615
3 0.5793269230769231 0.23677884615384615 0.06971153846153846 0.13701923076923078