7 0.1971153846153846 0.18629807692307693 0.057692307692307696 0.10697115384615384
3 0.9867788461538461 0.1814903846153846 0.026442307692307692 0.19230769230769232
3 0.9146634615384616 0.24639423076923078 0.08774038461538461 0.1814903846153846
3 0.7740384615384616 0.1502403846153846 0.0625 0.11658653846153846
3 0.6983173076923077 0.13221153846153846 0.07572115384615384 0.15865384615384615
3 0.578125 0.203125 0.0673076923076923 0.1346153846153846
3 0.4182692307692308 0.2439903846153846 0.05048076923076923 0.12980769230769232
3 0.04807692307692308 0.17668269230769232 0.07451923076923077 0.1622596153846154
3 0.11538461538461539 0.15384615384615385 0.07692307692307693 0.15745192307692307
3 0.25600961538461536 0.16706730769230768 0.078125 0.16466346153846154
3 0.3137019230769231 0.2800480769230769 0.10216346153846154 0.2247596153846154
3 0.36778846153846156 0.2536057692307692 0.09254807692307693 0.22115384615384615
3 0.4639423076923077 0.19951923076923078 0.0673076923076923 0.171875
3 0.6490384615384616 0.2127403846153846 0.06610576923076923 0.14302884615384615
3 0.7199519230769231 0.23918269230769232 0.09375 0.15985576923076922
3 0.6105769230769231 0.4651442307692308 0.10216346153846154 0.17307692307692307
3 0.5216346153846154 0.18870192307692307 0.06971153846153846 0.15384615384615385