7 0.18870192307692307 0.20072115384615385 0.051682692307692304 0.09615384615384616
3 0.9254807692307693 0.19591346153846154 0.07572115384615384 0.17307692307692307
3 0.8341346153846154 0.2548076923076923 0.07932692307692307 0.1622596153846154
3 0.7079326923076923 0.16826923076923078 0.056490384615384616 0.10576923076923077
3 0.6394230769230769 0.15144230769230768 0.06850961538461539 0.14302884615384615
3 0.53125 0.21634615384615385 0.06009615384615385 0.12139423076923077
3 0.3870192307692308 0.25240384615384615 0.04567307692307692 0.11658653846153846
3 0.054086538461538464 0.19230769230769232 0.06610576923076923 0.14543269230769232
3 0.11538461538461539 0.171875 0.06850961538461539 0.140625
3 0.24158653846153846 0.18389423076923078 0.06971153846153846 0.14783653846153846
3 0.2932692307692308 0.2848557692307692 0.09134615384615384 0.20192307692307693
3 0.34134615384615385 0.2608173076923077 0.0829326923076923 0.19831730769230768
3 0.42788461538461536 0.2127403846153846 0.06129807692307692 0.15384615384615385
3 0.5949519230769231 0.22355769230769232 0.05889423076923077 0.12860576923076922
3 0.6586538461538461 0.24759615384615385 0.08413461538461539 0.14423076923076922
3 0.5600961538461539 0.45072115384615385 0.09134615384615384 0.15504807692307693
3 0.4795673076923077 0.203125 0.0625 0.13822115384615385