7 0.8016826923076923 0.16826923076923078 0.054086538461538464 0.09975961538461539
3 0.038461538461538464 0.16346153846153846 0.07692307692307693 0.17908653846153846
3 0.13221153846153846 0.22355769230769232 0.08173076923076923 0.16947115384615385
3 0.2644230769230769 0.13341346153846154 0.057692307692307696 0.109375
3 0.33413461538461536 0.11778846153846154 0.07091346153846154 0.14783653846153846
3 0.44711538461538464 0.18389423076923078 0.0625 0.12620192307692307
3 0.5961538461538461 0.22235576923076922 0.046875 0.12139423076923077
3 0.9411057692307693 0.15985576923076922 0.06850961538461539 0.15144230769230768
3 0.8774038461538461 0.13822115384615385 0.07211538461538461 0.1466346153846154
3 0.7475961538461539 0.1502403846153846 0.07211538461538461 0.15384615384615385
3 0.6935096153846154 0.25600961538461536 0.09495192307692307 0.2091346153846154
3 0.6430288461538461 0.23076923076923078 0.08533653846153846 0.20673076923076922
3 0.5528846153846154 0.18028846153846154 0.06370192307692307 0.15985576923076922
3 0.38100961538461536 0.19230769230769232 0.06129807692307692 0.13341346153846154
3 0.3137019230769231 0.21754807692307693 0.08774038461538461 0.1502403846153846
3 0.41586538461538464 0.42788461538461536 0.09495192307692307 0.1622596153846154
3 0.5 0.17067307692307693 0.06490384615384616 0.14423076923076922