7 0.8473557692307693 0.1346153846153846 0.056490384615384616 0.10576923076923077
3 0.04447115384615385 0.12980769230769232 0.0829326923076923 0.18870192307692307
3 0.14302884615384615 0.1935096153846154 0.08653846153846154 0.1778846153846154
3 0.28125 0.0985576923076923 0.06129807692307692 0.11538461538461539
3 0.3557692307692308 0.08173076923076923 0.07451923076923077 0.15625
3 0.47475961538461536 0.15144230769230768 0.06610576923076923 0.13221153846153846
3 0.6310096153846154 0.19110576923076922 0.04927884615384615 0.12740384615384615
3 0.9783653846153846 0.12379807692307693 0.04326923076923077 0.16105769230769232
3 0.9278846153846154 0.10216346153846154 0.07572115384615384 0.15504807692307693
3 0.7908653846153846 0.11538461538461539 0.07572115384615384 0.1622596153846154
3 0.7331730769230769 0.22716346153846154 0.09975961538461539 0.22115384615384615
3 0.6802884615384616 0.20072115384615385 0.09014423076923077 0.21754807692307693
3 0.5865384615384616 0.14783653846153846 0.06610576923076923 0.16826923076923078
3 0.4050480769230769 0.15985576923076922 0.06490384615384616 0.140625
3 0.33413461538461536 0.18629807692307693 0.09254807692307693 0.15745192307692307
3 0.4423076923076923 0.40865384615384615 0.09975961538461539 0.17067307692307693
3 0.5300480769230769 0.13701923076923078 0.06850961538461539 0.15144230769230768