7 0.8028846153846154 0.19471153846153846 0.052884615384615384 0.0985576923076923
3 0.052884615384615384 0.18990384615384615 0.07692307692307693 0.17668269230769232
3 0.14543269230769232 0.24879807692307693 0.08052884615384616 0.1658653846153846
3 0.27403846153846156 0.16105769230769232 0.057692307692307696 0.10697115384615384
3 0.34375 0.14543269230769232 0.06971153846153846 0.14543269230769232
3 0.4543269230769231 0.21033653846153846 0.06129807692307692 0.12379807692307693
3 0.6009615384615384 0.24759615384615385 0.046875 0.11899038461538461
3 0.9399038461538461 0.18629807692307693 0.0673076923076923 0.14903846153846154
3 0.8774038461538461 0.16466346153846154 0.07091346153846154 0.14423076923076922
3 0.75 0.17668269230769232 0.07091346153846154 0.15144230769230768
3 0.6971153846153846 0.28125 0.09375 0.20552884615384615
3 0.6478365384615384 0.25600961538461536 0.08413461538461539 0.203125
3 0.5588942307692307 0.20673076923076922 0.0625 0.15745192307692307
3 0.3894230769230769 0.21875 0.06009615384615385 0.1310096153846154
3 0.3233173076923077 0.24278846153846154 0.08653846153846154 0.1466346153846154
3 0.42427884615384615 0.4495192307692308 0.09375 0.15865384615384615
3 0.5060096153846154 0.1971153846153846 0.06370192307692307 0.140625