3 0.6081730769230769 0.0889423076923077 0.11298076923076923 0.1778846153846154
3 0.8425480769230769 0.09375 0.07091346153846154 0.140625
3 0.7415865384615384 0.07091346153846154 0.06490384615384616 0.1045673076923077
3 0.47836538461538464 0.036057692307692304 0.04927884615384615 0.07091346153846154
3 0.421875 0.21514423076923078 0.09134615384615384 0.17548076923076922
3 0.125 0.08653846153846154 0.07572115384615384 0.1466346153846154
3 0.1201923076923077 0.28725961538461536 0.11298076923076923 0.28365384615384615
3 0.07451923076923077 0.4050480769230769 0.14783653846153846 0.3389423076923077
3 0.9495192307692307 0.1502403846153846 0.09975961538461539 0.24639423076923078
3 0.7427884615384616 0.2548076923076923 0.14423076923076922 0.27884615384615385
3 0.5925480769230769 0.36177884615384615 0.17548076923076922 0.4230769230769231
3 0.2956730769230769 0.3581730769230769 0.24759615384615385 0.5012019230769231