3 0.6237980769230769 0.1346153846153846 0.10336538461538461 0.16826923076923078
3 0.8389423076923077 0.14182692307692307 0.06490384615384616 0.12860576923076922
3 0.7463942307692307 0.1201923076923077 0.06009615384615385 0.09615384615384616
3 0.5036057692307693 0.07932692307692307 0.04567307692307692 0.0829326923076923
3 0.453125 0.25240384615384615 0.08413461538461539 0.16105769230769232
3 0.019230769230769232 0.23557692307692307 0.038461538461538464 0.15865384615384615
3 0.18028846153846154 0.1346153846153846 0.06971153846153846 0.1346153846153846
3 0.17427884615384615 0.31850961538461536 0.1045673076923077 0.2608173076923077
3 0.11899038461538461 0.4266826923076923 0.1622596153846154 0.3112980769230769
3 0.9459134615384616 0.19230769230769232 0.10817307692307693 0.22596153846153846
3 0.7487980769230769 0.28966346153846156 0.13341346153846154 0.25600961538461536
3 0.6105769230769231 0.3870192307692308 0.16105769230769232 0.38822115384615385
3 0.33653846153846156 0.38461538461538464 0.22716346153846154 0.46033653846153844