3 0.6598557692307693 0.11658653846153846 0.11177884615384616 0.18028846153846154
3 0.8918269230769231 0.12379807692307693 0.06971153846153846 0.13822115384615385
3 0.7920673076923077 0.10096153846153846 0.06370192307692307 0.10336538461538461
3 0.53125 0.056490384615384616 0.04927884615384615 0.0889423076923077
3 0.47716346153846156 0.2439903846153846 0.09014423076923077 0.17307692307692307
3 0.015625 0.2247596153846154 0.03125 0.17067307692307693
3 0.18389423076923078 0.11658653846153846 0.07451923076923077 0.14543269230769232
3 0.1778846153846154 0.31490384615384615 0.11177884615384616 0.2800480769230769
3 0.11899038461538461 0.43028846153846156 0.17427884615384615 0.33533653846153844
3 0.9735576923076923 0.17908653846153846 0.052884615384615384 0.24278846153846154
3 0.7932692307692307 0.2824519230769231 0.14302884615384615 0.27524038461538464
3 0.6454326923076923 0.38822115384615385 0.17307692307692307 0.4170673076923077
3 0.35216346153846156 0.38461538461538464 0.2439903846153846 0.4951923076923077