7 0.8497596153846154 0.16346153846153846 0.057692307692307696 0.10697115384615384
3 0.039663461538461536 0.15745192307692307 0.07932692307692307 0.19110576923076922
3 0.13822115384615385 0.22235576923076922 0.08653846153846154 0.18028846153846154
3 0.2776442307692308 0.12620192307692307 0.06129807692307692 0.11658653846153846
3 0.35336538461538464 0.109375 0.07572115384615384 0.15745192307692307
3 0.4735576923076923 0.18028846153846154 0.06610576923076923 0.13341346153846154
3 0.6322115384615384 0.21995192307692307 0.05048076923076923 0.12860576923076922
3 0.9807692307692307 0.15384615384615385 0.037259615384615384 0.16105769230769232
3 0.9314903846153846 0.1310096153846154 0.07572115384615384 0.15625
3 0.7932692307692307 0.14423076923076922 0.07692307692307693 0.16346153846153846
3 0.7355769230769231 0.25600961538461536 0.10096153846153846 0.22235576923076922
3 0.6814903846153846 0.22956730769230768 0.09134615384615384 0.21995192307692307
3 0.5865384615384616 0.17548076923076922 0.0673076923076923 0.17067307692307693
3 0.4026442307692308 0.18870192307692307 0.06490384615384616 0.14182692307692307
3 0.3317307692307692 0.21514423076923078 0.09375 0.15865384615384615
3 0.43990384615384615 0.43990384615384615 0.10096153846153846 0.171875
3 0.5288461538461539 0.1658653846153846 0.06850961538461539 0.15264423076923078